84902712535
84948386924
84919412937
84944673513
84788853313
84936856867
84909206292
84987832559
84828317955
84326973987
84348160620
84389981884
84962832101
84981564657
84977109485
84925908656
84339016726
84968892657
84919460693
84936576757
84904332133
84932288956
84796345152
84914087680
84389879012
84915175423
84903409059
84398751137
84984401044
84377590049
84963845148
84896640078
84933897986
84983956614
84352989812
84973415875
84356059172
84911648433
84969824814
84912271875
84972708326
84772083027
84976124564
84966896393
84984425891
84945821680
84945377144
84975313249
84798355373
84976465547
84987488332
84972517067
84936436768
84933633678
84363583240
84978058123
84987358490
84982156814
84906721039
84942958809
84911423009
84907531989
84347049386
84388802471
84794284979
84909224128
84914981447
84966435870
84986895245
84868004555
84357639996
84931952599
84941090648
84908402749
84336846714
84908292192
84909206146
84357257380
84974029462
84978899372
84859967486
84911066886
84765778339
84939229236
84375636939
84359442139
84869635203
84909206423
84898239065
84979557497
84975206552
84366398438
84962381589
84793121510
84971368166
84965495589
84942571369
84765294922
84365220856
84906868899
84933916297
84364274748
84962879029
84924634156
84799612895
84925223886
84971969857
84792391869
84964811983
84938872994
84975475088
84866816750
84854811065
84908383752
84962030658
84354344668
84945292659
84335771959
84829345545
84933187097
84932811866
84986799686
84979717148
84347150864
84925645925
84774004572
84965531945
84987417798
84943379900
84827517899
84389522357
84375897038
84971404191
84774653496
84988816062
84823133411
84931636996
84363450364
84962096235
84847269949
84933863574
84775577538
84944775548
84962159811
84377749949
84395220762
84919040317
84767663915
84349521927
84707070889
84903744018
84842818828
84982274767
84368105650
84346722865
84975948955
84972176168
84354858798
84929276543
84907417205
84965159151
84813130097
84989915852
84986606597
84901044180
84949769604
84931601989
84967244039
84985779386
84988458119
84979589237
84981826195
84907322292
84399020499
84974538228
84932786950
84987280588
84395269312
84764757839
84822944706
84393420545
84964659471
84397638898
84397785196
84858588897
84979745394
84397772585
84909968665
84988079696
84936024234
84935699909
84865978798
84984152690
84909777126
84986043515
84903761726
84845846842
84397192978
84705850333
84932446736
84974378999
84983865890
84973068998
84969355883
84976476187
84917763031
84985626486
84966611799
84784136864
84907183347
84845677897
84938667881
84977530814
84962808728
84326159006
84934198401
84989377962
84796833873
84946261996
84389713184
84962135577
84328781218
84854976458
84397705076
84962151683
84349552683
84961114341
84901139829
84969405986
84384636093
84866861460
84962381152
84909757813
84396452617
84967091869
84396933634
84328806097
84906768915
84981971259
84917404464
84389386820
84964416434
84977196115
84971552892
84974083063
84937547973
84986789452
84977823748
84909876780
84798223111
84396636378
84901748075
84987688166
84976213161
84919768360
84975558668
84937192685
84973014106
84865098419
84376104858
84985606518
84705270252
84962134708
84387767764
84339071767
84968833003
84795496477
84983550875
84375610877
84794301095
84968838020
84943116606
84904904203
84943653874
84372378974
84921086482
84917727191
84866066700
84907977970
84775307099
84939229555
84966938377
84988741990
84398100939
84974334717
84904437866
84383876691
84933761551
84908675726
84797725389
84972879177
84365471436
84896574321
84934532161
84335960333
84985456880
84933336223
84979674089
84862782622
84947414147
84385358160
84347819200
84933922019
84979460829
84902138196
84989344874
84935028422
84902112922
84945935528
84988302077
84984364384
84941973312
84868680365
84966367943
84984047628
84358879312
84337124686
84828398910
84704771196
84776707243
84382309209
84979154108
84908520767
84349572852
84968792504
84399900474
84942202048
84383976736
84945292030
84978013932
84914272727
84905067282
84987405780
84981067652
84941226568
84348961280
84933723777
84973591766
84356304475
84902702720
84931391406
84792963369
84384426184
84907137898
84986094960
84837326686
84989037121
84384722538
84905886553
84387086602
84366837688
84356484734
84866164812
84838539570
84983848910
84974639912
84353238589
84379849999
84865673577
84966685585
84386402936
84986471445
84353749039
84971405848
84886528942
84962966990
84924087186
84938080698
84935443893
84908535451
84904274786
84349902030
84789035362
84981682681
84907810446
84907855104
84932282623
84984083533
84904522993
84919391060
84907633719
84905781871
84878486200
84368918911
84943636769
84912412376
84966665049
84919991080
84364124134
84984204052
84937335644
84944438601
84868432148
84943095655
84904239028
84983345934
84919665152
84934209111
84964409332
84941464746
84769882538
84949307847
84888393286
84908114171
84879393747
84325449395
84352644645
84976572565
84378890918
84961936810
84985969187
84965986975
84889433014
84968308198
84349044804
84932628388
84913842248
84379314758
84901480197
84384289860
84986155620
84373463983
84778546168
84985495695
84971130068
84913043227
84702684430
84908831713
84888158525
84967912823
84342098533
84979423733
84362786027
84376055941
84944345437
84362386852
84365744888
84941718354
84942456878
84767544985
8496261119
84369714494
84917989992
84865537636
84965554619
84988368807
84332813409
84939927555
84366170321
84329850772
84862033421
84937078527
84989427435
84964631828
84389496590
84378678577
84971447647
84987798143
84774809197
84933958917
84337959295
84933424444
84972559154
84852542575
84933347348
84978082666
84813074919
84979670711
84347690639
84869615503
84948703993
84377235662
84973813573
84972561089
84976840326
84962695740
84388140745
84368776249
84977989842
84392925186
84906697978
84333805185
84933214495
84917373404
84919633556
84326927272
84865663935
84329016631
84963422817
84833552579
84384087222
84932131462
84902414225
84915306597
84375125838
84962456931
84359272007
84964439443
84943793003
84983458397
84393883484
84352277657
84974980767
84774326894
84395786866
84986683123
84904512676
84983484611
84379646433
84369769521
84707855349
84375413524
84968384565
84908712023
84977852502
84975003081
84383974014
84398608214
84933314032
84848100114
84393002627
84974667724
84962764815
84342764982
84394338981
84707282407
84966293018
84981401146
84985152493
84865486764
84399841736
84392423352
84915139773
84792090999
84865983591
84586301486
84983917275
84327196279
84929637640
84907165265
84796780585
84827777793
84981534696
84904841663
84767393662
84976510502
84969842439
84936453318
84986687091
84966223787
84909256085
84889996633
84938091744
84344616646
84326688100
84941878562
84906783726
84378849659
84919578384
84932039910
84986729394
84348612123
84822393336
84914357786
84984512807
84339035342
84855713979
84794317525
84838227661
84943602711
84975533544
84984020794
84985646208
84976250994
84976451441
84978138996
84908879410
84888456752
84964510314
84397751870
84934592925
84974896880
84901490147
84949054435
84974155289
84946521866
84964680426
84933099138
84868561661
84931956703
84935971782
84913880801
84389548098
84963759777
84933958997
84912638194
84936438892
84947808576
84978916404
84376877596
84978094213
84974949555
84903702893
84354713488
84938322859
84378595121
84973208271
84938436365
84907880432
84974291432
84975477597
84358579708
84962783255
84364067839
84988718366
84981344781
84835914309
84398909889
84931631638
84926679092
84909271095
84917786017
84904348989
84917166639
84384557137
84919621629
84912151479
84364250084
84907128901
84772012302
84906026338
84976808333
84984437662
84965476886
84967731730
84984867894
84903323172
84937963958
84963476756
84705061020
84336755644
84779088098
84965381836
84368920029
84868618934
84394704546
84944947078
84982756430
84988188578
84392647441
84981667236
84988786983
84915517993
84975045433
84357620909
84812012794
84979357260
84962349780
84981068220
84332372564
84362796447
84944702527
84962922267
84337086282
84363022528
84915868494
84387856891
84989966330
84972101313
84912233510
84703584359
84915557205
84784366644
84389007975
84392720653
84978139152
84354067811
84912682393
84977973789
84988057392
84981457529
84903965645
84967501556
84868755778
84984014635
84367145924
84988727172
84962656466
84357336234
84337785092
84384389475
84932957957
84917868945
84337158568
84765364374
84984099199
84985970530
84941226127
84968345869
84901988553
84812709968
84976327327
84392200467
84375322999
84906912301
84946556490
84946588564
84378435655
84976024792
84986442106
84913933377
84343153319
84949080849
84349704371
84977614408
84902800757
84888574666
84939382336
84969444230
84339130129
84944173978
84369001758
84969070247
84363843471
84392034922
84914762323
84941272749
84365918656
84971717991
84983013622
84906304578
84394670928
84383773496
84914530610
84399866018
84963835200
84382042621
84325448522
84979593313
84973945321
84787711005
84936391823
84979908198
84987625178
84921806701
84796646802
84913307540
84934928959
84908851266
84366104055
84348851805
84984196010
84939813655
84336485755
84961679571
84938003979
84975956276
84794521263
84933182478
84971975718
84949773773
84367982036
84942074726
84983933368
84916316666
84963290322
84386576791
84369227545
84919922938
84356782092
84937652507
84987469393
84342047428
84972779965
84974149418
84389300179
84379921294
84967438302
84904125588
84793193689
84912116344
84972163230
84907248046
84967802872
84906656851
84933710089
84916766687
84975304074
84375929036
84382673093
84987044884
84827172576
84377110509
84971687169
84829306363
84978586707
84372224106
84327927838
84913886622
84835616678
84869649690
84937019012
84964662218
84336733835
84368741992
84783218167
84704628119
84915202452
84961577436
84786667689
84385517748
84392512359
84355759044
84704544555
84983857522
84972302377
84377550181
84373210803
84382822374
84901394898
84963028686
84985771372
84345660210
84965883283
84936516738
84912309663
84909360139
84961206606
84963002910
84767004819
84908705754
84968979138
84934483769
84334916917
84338456965
84766771819
84378868843
84979023268
84377874467
84962079089
84768835633
84399992200
84865056294
84984112862
84368654816
84332625336
84937791608
84703394993
84973939945
84941980755
84925999880
84931473335
84909344827
84364258682
84961202207
84357842816
84976735862
84982215763
84976761871
84923096109
84888534561
84775854148
84792291930
84396879242
84911691802
84968577697
84705265590
84865926195
84964862814
84963355931
84941263008
84799773337
84909488739
84932526262
84939544442
84963643182
84975473575
84338728740
84935852217
84347888250
84905963708
84877095446
84332340938
84877787345
84919388693
84937445645
84982973864
84989585680
84332909339
84906150142
84988182125
84962577132
84933449773
84931233853
84793060279
84982143982
84339111235
84982024585
84986041579
84964588652
84935260609
84395163092
84363181958
84899333737
84766343736
84989659104
84966165082
84942942992
84989627727
84799753109
84392021810
84985693532
84912229468
84975201121
84931553516
84362466654
84833371168
84852079679
84971158580
84344159191
84396252392
84966402229
84355589496
84337827063
84904203693
84941942497
84913870011
84793873499
84814645309
84766882821
84933928939
84938252843
84773341596
84939900546
84396276136
84869766794
84362926294
84949304838
84977616225
84962613862
84788839984
84938811728
84329190447
84933577966
84936009876
84869338452
84978607225
84964434448
84326066023
84369295456
84335021425
84975881180
84965978712
84944213666
84704888988
84326651643
84702012468
84833410639
84968144174
84941617349
84845117770
84966567691
84348080425
84345612586
84976665442
84843484548
84933382879
84986453519
84824433823
84908850677
84379831819
84352205144
84374763833
84974013395
84915663188
84949844833
84905199081
84933313312
84976523169
84787497852
84965726229
84909493979
84335522114
84902200665
84901940815
84334824330
84906414408
84799579936
84961410706
84345529296
84975875983
84364888284
84906883402
84384222217
84966857956
84968967093
84907955974
84964232230
84356646052
84988642264
84862093467
84984719411
84368173694
84397897151
84356004715
84985946150
84932477897
84971797955
84868324268
84983887057
84942929129
84946471989
84968809090
84354286228
84981707868
84988696212
84971128640
84835963545
84942294946
84949582095
84939372723
84987740846
84846678136
84792775058
84988273618
84358923027
84358448448
84968587172
84946471677
84948798457