447488354259
447488354259
447939202035
447939202035
447745032267
447715169622
447896267006
447377359341
447816890644
447403979972
447912699995
447365484038
447833978155
447719997509
447583383454
447946648910
447814720567
447539551227
447515819967
447443925300
447523035792
447704620136
447770579606
447803052150
447711810213
447591402510
447805473327
447713125096
447712517308
447624339954
447917166690
447922736378
447908254934
447592334872
447711900068
447923675937
447903437885
447955062290
447502002697
447473885321
447517962913
447466872089
447492045802
447954136737
447960997698
447951164907
447879697734
447719425608
447521099905
447821513376
447507983107
447821823925
447718538734
447754975155
447437138718
447598690859
447525631394
447523065446
447734209059
447718208010
447850972615
447850327089
447814734515
447517040913
447850403420
447306284183
447415275999
447763397978
447753642660
447917795987
447597627574
447949123528
447922873294
447585334365
447379306021
447379306021
447902917406
447765402887
447515104439
447723600235
447598690859
447850403420
447841678009
447762587048
447757316567
447813656298
447715532440
447999481992
447971301680
447704502221
447723189283
447723955905
447548303440
447736237468
447784811606
447796793337
447710244934
447808585113
447729073483
447866525855
447821338360
447502407431
447909937229
447950224610
447308373131
447592063039
447793708373
447773887774
447825241743
447305684949
447597011638
447720218214
447426330032
447817618823
447905458428
447872917413
447938941462
447722153633
447710588415
447971406021
447726688747
447719327579
447722294617
447484262776
447811177620
447491642341
447710593808
447307878498
447519274318
447771606737
447740305613
447740930465
447939461530
447939461530
447759406246
447495589191
447757956020
447872047230
447919949979
447715169622
447803052150
447591402510
447805473327
447624339954
447711900068
447903437885
447960997698
447951164907
447879697734
447598690859
447850403420
447841678009
447762587048
447971301680
447548303440
447796793337
447866525855
447909937229
447950224610
447793708373
447773887774
447597011638
447426330032
447817618823
447872917413
447722294617
447307878498
447740930465
447939461530
447757956020
447919949979
447535990611
447986432244
447523100375
447879667047
447712750659
447428909666
447999012168
447305310652
447575169446
447812983270
447891987951
447803366461
447797768134
447814705136
447919527985
447719816906
447466541795
447735217356
447392779559
447801939290
447803310470
447955819510
447477820820
447720269234
447718201894
447485135179
447834530204
447576791679
447919586589
447517671270
447366566866
447901030503
447799113033
447774307027
447723626237
447864085146
447539394921
447545556488
447946645431
447930758446
447417345944
447557945017
447415193715
447879261142
447957337876
447595369468
447951253876
447504903239
447932152713
447411801966
447795965537
447515928522
447938806663
447817842674
447895642103
447818400351
447737306673
447725548735
447484251018
447768900611
447821770905
447710806439
447960363879
447917734349
447776235679
447946396167
447713490554
447917235494
447752168469
447879612290
447842225935
447961016339
447799113925
447592808738
447817930772
447967050186
447712663035
447984719627
447710970242
447745535014
447825538260
447714239111
447920484608
447907026511
447856164684
447801387553
447749876475
447710631961
447902880892
447902880892
447850423520
447775833938
447517137798
447771451977
447754554479
447912891413
447767421162
447368680142
447930140509
447823744639
447948637454
447505009521
447845760831
447710439995
447920809338
447908079703
447908209613
447890800052
447591260136
447903057962
447769118930
447793675541
447817590496
447794686671
447508471501
447889766888
447976636241
447783150320
447710445227
447797886781
447840002437
447957347028
447919400962
447398023108
447733003480
447722319873
447415747380
447711416174
447395437641
447872648769
447906424288
447932960522
447584102269
447702799700
447466960716
447957744270
447519225309
447527182880
447872622612
447809485211
447718063007
447423597209
447518473842
447717773137
447981416161
447440332833
447973118949
447517396255
447393112919
447756654493
447595420171
447766821976
447597820415
447368171220
447463214970
447842222605
447887967034
447731181366
447873468058
447395030589
447868341318
447578819119
447841590310
447951538911
447369230278
447872824090
447547676222
447523944738
447875445730
447719467267
447305781736
447530476655
447305896686
447921566602
447718761401
447720972411
447561892536
447404974775
447518229488
447518529927
447890641598
447960904128
447341555016
447789482287
447708802858
447593100705
447919146664
447812151629
447860578189
447767372909
447546346263
447519928032
447519191092
447305813483
447710429936
447375896771
447872861469
447919805995
447943759252
447723392803
447597485902
447720397534
447391608852
447401517371
447900971610
447307870644
447856944311
447708561395
447454255005
447850900165
447841492878
447754488274
447429682382
447378880884
447378880884
447378880884
447718944639
447973347814
447754828061
447768347303
447769345557
447809885506
447980792748
447437209370
447907163490
447432148719
447812670613
447887825155
447977180027
447907814037
447877167999
447812347033
447889473771
447850038367
447936380003
447706084541
447590512223
447821304993
447868757679
447719322059
447850085403
447821616372
447889025480
447718497577
447738446897
447597827023
447930302365
447843603802
447423270972
447957980011
447453961836
447772242222
447720574102
447889560882
447710827661
447443050300
447529805178
447896943583
447875342513
447590839882
447866161021
447885792240
447764961827
447548799404
447900010308
447525199676
447543597897
447717948962
447865682982
447710956906
447906666892
447946605696
447535615680
447736671670
447957093667
447743807458
447572171667
447305094083
447484185606
447908076289
447478256743
447943159272
447739842319
447872885738
447506530475
447710451595
447446701653
447754673953
447802697350
447921571444
447576240020
447762276567
447593051110
447929519809
447549167787
447712123095
447484215484
447368634969
447932711573
447709242881
447786070020
447710581659
447986432244
447712750659
447999012168
447305310652
447575169446
447812983270
447891987951
447803366461
447797768134
447466541795
447477820820
447720269234
447718201894
447834530204
447576791679
447919586589
447517671270
447901030503
447774307027
447723626237
447864085146
447539394921
447545556488
447946645431
447930758446
447417345944
447557945017
447415193715
447879261142
447957337876
447595369468
447951253876
447932152713
447411801966
447795965537
447515928522
447817842674
447737306673
447725548735
447484251018
447768900611
447821770905
447960363879
447917734349
447776235679
447713490554
447917235494
447842225935
447961016339
447592808738
447967050186
447712663035
447984719627
447710970242
447825538260
447856164684
447749876475
447710631961
447850423520
447517137798
447754554479
447767421162
447368680142
447930140509
447948637454
447505009521
447845760831
447710439995
447920809338
447908079703
447908209613
447890800052
447591260136
447769118930
447793675541
447889766888
447889766888
447783150320
447797886781
447919400962
447398023108
447415747380
447395437641
447906424288
447932960522
447702799700
447957744270
447527182880
447872622612
447718063007
447423597209
447717773137
447981416161
447517396255
447393112919
447756654493
447595420171
447766821976
447368171220
447463214970
447842222605
447887967034
447731181366
447868341318
447951538911
447369230278
447872824090
447547676222
447523944738
447875445730
447719467267
447833247412
447867532785
447776487339
447983000157
447843758305
447801061999
447518937493
447950533737
447821804316
447512899037
447530084134
447860844816
447519871596
447540000284
447946094784
447938953937
447535672672
447818364729
447980012495
447722729432
447823351229
447496296592
447903536372
447951767831
447773876842
447948394372
447392797963
447495977292
447727176617
447731404839
447727948478
447875544117
447542109823
447851245547
447305175938
447902163441
447921722859
447417484533
447824825580
447818045257
447703509655
447922727694
447553454223
447535108053
447597692385
447826873735
447702292751
447877008533
447946627066
447932408771
447710485816
447537184563
447712245560
447368125776
447766051355
447960653369
447723033484
447919567043
447456076152
447518711033
447977912577
447748956223
447917641401
447530254810
447525190656
447526620767
447927328893
447729958720
447764922684
447753174125
447717116961
447828797563
447850204610
447858519567
447498759830
447404570324
447954591481
447535185670
447714978869
447779045006
447827736771
447591181606
447810545666
447729701844
447761778152
447720940889
447817501415
447412572427
447739482168
447703438142
447876884966
447522736367
447840025335
447725633744
447392112113
447539733144
447808920903
447738614455
447781172119
447710646754
447737045979
447793547775
447392082427
447960322734
447550078525
447920568678
447894276922
447533730003
447376051667
447917891934
447980267059
447367492748
447908102219
447764681428
447537103437
447712162406
447412180723
447568602557
447967962868
447715837720
447797782616
447510046574
447950954361
447809423261
447768310061
447518150452
447720621041
447917867995
447305840171
447803367276
447419321626
447515903603
447484229202
447761605194
447840056722
447380695096
447889516486
447722240631
447746639336
447501349719
447973919217
447938985890
447872558010
447968266585
447541485770
447539972139
447833583474
447495410399
447438119525
447415347615
447951923290
447817352454
447725406789
447894211626
447968661029
447517105095
447876375655
447947602129
447923020669
447710585407
447711060961
447383595272
447388648870
447711573010
447598558103
447845527815
447974316353
447938948316
447966885593
447922511449
447923890735
447974966826
447395634985
447939053358
447774500045
447591530665
447759862109
447941161024
447838461523
447762753333
447812171973
447917660647
447801297373
447917735777
447823958881
447341553061
447564986454
447703624669
447710493419
447394626515
447545597316
447818116331
447852579946
447935559703
447415597389
447840708702
447923834346
447752797543
447954849712
447565690363
447543681688
447515876212
447900830467
447912505030
447938920052
447718279498
447922669053
447918155966
447919150881
447884054645
447834269018
447307030492
447502225892
447787476130
447460339990
447775806954
447473643881
447411635833
447946829494
447817111629
447516084022
447455104521
447983651227
447587765452
447519828483
447710172164
447914938191
447415360545
447961033058
447919560407
447367582550
447518913572
447713805728
447736844626
447806671998
447464481071
447426086381
447548727817
447543598281
447419838120
447833963790
447850130858
447582260716
447817717711
447940443414
447770866168
447789397745
447976428816
447919577446
447930668433
447866805723
447719480766
447871373289
447404099202
447423574521
447730784247
447790836301
447702421720
447891933435
447891933435
447891933435
447891933435
447891933435
447891933435
447891933435
447891933435
447740118774
447882231314
447983508001
447850647943
447859389778
447736573763
447540465923
447397564234
447810636658
447545827996
447895016931
447866665484
447466336554
447922537533
447922261445
447368495893
447739092263
447850388788
447917524526
447473634281
447781113452
447817673020
447710542549
447397529532
447871662150
447453533467
447857542683
447917611843
447722016979
447784991944
447810201547
447874183917
447454274374
447757991043
447709750710
447725897942
447802242378
447871626021
447734467127
447719987554
447388253204
447706423745
447718732312
447367617999
447419121020
447943247512
447576728877
447810547510
447418343416
447742928934
447867301061
447590828466
447399402281
447785366523
447743249982
447831135797
447850646635
447774581411
447814552986
447858226730
447402672236
447563179976
447887401554
447523223290
447860907202
447870858145
447818583656
447795618001
447722938736
447754806664
447305972655
447591207137
447921803033
447594096101
447956016780
447912086435
447732219449
447828674414
447426252625
447526190365
447437401203
447369236357
447722748297
447918637671
447770655698
447736592117
447960877094
447305093392
447451282368
447731851947
447507772889
447484256939
447450045371
447926751331
447817216720
447787929496
447753606529
447526279969
447365361831
447824814304
447482969922
447946687820
447790831528
447860934101
447867428872
447766237900
447702339714
447466579212
447742151667
447428146409
447490730874
447918662979
447450280604
447764365661
447789554784
447709856584
447595586249
447415381970
447368237704
447519274828
447940642208
447484282731
447729012154
447311221171
447951888524
447506692343
447840028898
447519931293
447527345855
447926129205
447377951435
447502526222
447923100694
447715625820
447711561401
447798640074
447713452935
447813406458
447767780850
447825885011
447720840137
447810562924
447810562924
447909119333
447717217698
447947552203
447501538376
447360080307
447814748000
447739080442
447766991351
447450838837
447305875687
447876562743
447817046421
447417593846
447875650304
447578550193
447742456322
447823645589
447751307128
447751307128
447958391582
447340288757
447738550215
447919334953
447747037163
447947537485
447380398546
447789829376
447961271995
447518142311
447434943718
447990878401
447712873662
447849511155
447919152102
447780960055
447545160009
447545602606
447767572454
447518754768
447932695098
447597622458
447440299854
447414746361
447549168060
447367454790
447943285706
447920802673
447804153603
447734495837
447833439027
447725750701
447763046266
447739357426
447404147351
447377657625
447752602788
447718956558
447719653950
447584960523
447867751394
447385094827
447418088528
447833474604
447773273683
447814959604
447415573920
447523751147
447368634039
447423436102
447751091262
447530022606
447919578942
447900256031
447728754067
447713282044
447305330623
447517704733
447508117811
447818292222
447929111000
447519970662
447723051007
447870688567
447754145812
447812269806
447727066296
447510446344
447850687655
447764922500
447841124261
447554965082
447740085434
447517543510
447507636586
447881364825
447812110707
447782210021
447941263381
447710145927
447950370066
447415601434
447743903900
447810667760
447712596389
447549163019
447830817445
447526278304
447754371242
447714876006
447723047739
447960929471
447534071881
447707951166
447917550411
447462701996
447917358744
447752401722
447444535870
447736549566
447596997244
447821108205
447896438020
447737098990
447817852687
447872614417
447599174411
447793436025
447368673365
447450332662
447856496804
447475827883
447933163659
447817290025
447917673944
447462944753
447814996767
447305195723
447368527703
447380361359
447840807246
447472997519
447545129699
447624421038
447739091964
447401823038
447980260400
447922950922
447973316417
447817026480
447933287679
447854728497
447763367980
447368216042
447803366697
447818444933
447901658423
447862293997
447810437818
447802749990
447813823274
447723315782
447484262201
447595337748
447423751109
447530689178
447722216503
447931130256
447540860181
447889162104
447710849227
447922537533
447368495893
447739092263
447850388788
447473634281
447781113452
447710542549
447453533467
447917611843
447784991944
447874183917
447454274374
447709750710
447725897942
447871626021
447719987554
447388253204
447706423745
447367617999
447419121020
447943247512
447810547510
447718373914
447394806822
447591640210
447749500748
447490567501
447402962221
447518513086
447802598776
447730880741
447492057990
447904904184
447703648251
447516475381
447782410988
447719796956
447964740834
447710506897
447828711134
447519836433
447402007997
447850033191
447970927161
447922596002
447533129751
447411067710
447367507946
447920762844
447583801426
447973426136
447779643504
447534314169
447943250938
447817102153
447722433978
447369292515
447749873630
447724549050
447523460913
447395315447
447850009667
447544372462
447763581893
447875306586
447568243131
447751251402
447710787591
447817651020
447900650748
447821787629
447414287643
447804637413
447398487385
447875461901
447956042302
447405764009
447814433120
447764867701
447596942867
447588773744
447548137481
447717044395
447592911232
447491650294
447519042613
447971683081
447719817907
447920856029
447930355857
447432308602
447469674962
447850535385
447751219753
447368224563
447423769346
447971739274
447525632381
447514823532
447769748409
447773949787
447796545800
447912758301
447799691309
447941567489
447804420630
447312092242
447903433891
447704260563
447534164706
447930544562
447738706170
447727125063
447817949997
447977163635
447459244653
447411066254
447956455943
447917433662
447448603557
447849681608
447305781779
447719881442
447838750226
447986777006
447810438641
447464964599
447956656520
447448009268
447729626320
447917071855
447547425058
447545446451
447801356778
447519913220
447784914229
447759980024
447734252903
447786126140
447935546812
447518047059
447587148558
447515960865
447775682075
447857372035
447762313156
447488324616
447740198169
447769764370
447860635038
447909449443
447807309658
447967321525
447922714885
447530686622
447825749372
447710465829
447544282765
447831765664
447407128960
447890029997
447817064037
447308230196
447970781684
447624437308
447488349509
447917717249
447738830115
447725230318
447718175722
447917274775
447814732920
447730888485
447432326290
447424572101
447395635334
447521279562
447581386717
447967806364
447545121237
447913629188
447913953243
447854704977
447910388357
447714170223
447954271628
447730381447
447961066048
447903544644
447738765406
447523658247
447519046806
447312264675
447919440364
447763858607
447814548148
447448406512
447823776791
447748983301
447971481227
447419283698
447920558634
447541513162
447967729709
447702828372
447859064906
447917702042
447909640884
447768798728
447773598417
447597688991
447720379040
447796932500
447721184796
447710531144
447999307110
447710460659
447719422940
447762648669
447772325241
447808162741
447958302721
447393345977
447935126127
447369219252
447752405106
447821779918
447442259414
447749482490
447905618423
447717288146
447809768136
447810854006
447575888140
447740930003
447810204875
447957856956
447966363883
447752401692
447590642094
447706478531
447968740845
447840833483
447818081671
447817052088
447904527340
447716408441
447805197901
447468413347
447500902932
447759599449
447926033887
447541484154
447944888183
447795546317
447825067474
447731974134
447826872994
447491648292
447572417043
447843011344
447941511457
447762915387
447535807067
447511853786
447717872279
447523318536
447399897304
447810554538
447727938939
447938862338
447712708417
447562280767
447305001828
447506511956
447469953396
447917248228
447369256694
447856725033
447934805705
447905445698
447543740949
447918188962
447803953877
447305787668
447960043838
447817060168
447825125826
447783067095
447738845421
447812187856
447415106213
447539054117
447772489695
447917610929
447766720509
447840777465
447885549597
447415961460
447814540019
447404974841
447919658327
447845959593
447584283250
447518746786
447814627663
447518996211
447765330006
447722123974
447923994759
447417592274
447722837084
447379294860
447786171885
447404941255
447500079147
447342679645
447858310956
447919343384
447552898802
447761648486
447517160833
447718373914
447394806822
447591640210
447957258443
447470072187
447947609472
447813000162
447591492205
447912078875
447901694435
447932312665
447375132040
447727616577
447470072187
447957258443
447727616577
447813000162
447947609472
447375132040
447932312665
447912078875
447901694435
447591492205
447825685896
447825538655
447593664932
447515744652
447575819419
447769344743
447501435311
447825538655
447449347474
447774001363
447896127709
447761856851
447906708870
447752961840
447957587249
447568453938
447761956743
447927038839
447957408708
447757229106
447562726671
447939522893
447770915851
447496083859
447957485849
447545637064
447958633595
447823330949
447341853493
447545383648
447779618348
447784342128
447895345021
447905295002
447939538686
447803298978
447894070508
447772077787
447969735721+
447990503058
447703957352
447825568201
447837798111
447417434818
447740198436
447736659122
447874111130
447852265111
447840791824
447902988487
447907210975
447753229693
447753239030
447774320108
447969735721+
447717213347
447776120047
447796212545
447825600629
447963271078
447905832499
447864208000
447833635585
447957439164
447769717672
447828886940
447957483441
447853232410
447763105900
447825516678+
447540243191
447984530829
447915914600
447412515068
447841775208
447737358351
447729029867
447825617012
447824902964
447970750334
447781400584
447825665289
447956833046
447890487669
447741481255
447557123262
447949273379
447985597741
447825630870
447867992509
447534365941
447877202873
447546782443
447581092312
447562681926
447702459417
447957529905
447796875207
447971444539
447915618417
447926816693
447957557765
447957544975
447834689804
447438031642
447825564222
447417488282
447855294753
447852801072
447557529537
447825570613
447876565698
447957573313
447540459237
447841677506
447957577437
447803301001
447861292164
447983772426
447825557571
447758266799
447772481827
447968013848
447818478728
447810866939
447921023150
447957473078
447587774961
447825550222
447957438037
447415868720
447510288749
447825535978
447713402691
447905996693
447432019628
447802249729
447825589255
447779990028
447825551150
447525016803
447825557484
447710407508
447801273928
447521747912
447584026919
447957534515
447875228607
447957490242
447969138553
447825537845
447876565698
447957575568
447905825152
447831827891
447980976448
447754898195
447825513054
447843118683
447880505185
447807991792
447825576401
447903484054
447957535227
447825558874
447879271040
447957464402
447515455663
447724741660
447500043469
447825544173
447825021018
447825687496
447535804584
447961847702
447958250457
447769737051
447805902491
447825544173
447825544173
447967660442
447967660442
447967660442
447967660442
447967660442
447967660442
447802244360
447802244360
447825682220
447970313993
447970313993
447825538655
447825685896
447970313993
447837684515
447774001363
447593664932
447515744652
447957578818
447515744652
447957578818
447575819419
447575819419
447957578818
447969122546
447769344743
447501435311
447906813191
447957403381
447989476383
447449347474
447825639023
447825639023
447833115243
447902764692
447957469699
447515272777
447533326209
447341664595
447341664595
447517977581
447517977581
447957478098
447843743315
447592356018
447779024367
447821582982
447764483800
447764483800
447773338663
447773338663
447773338663
447759366764
447957492031
447759366764
447872809216
447515024624
447802455109
447843198742
447896127709
447843198742
447952897131+
447754982597
447761856851
447906708870
447752961840
447752342217
447752961840
447530745913
447957587249
447568453938
447940922174
447825607067
447761956743
447759929746
447927038839
447405016053
447757229106
447405016053
447932173593
447957408708
447562726671
447932173593
447939522893
447770915851
447496083859
447957485849
447970277330
447545637064
447823330949
447958633595
447803697547
447545383648
447584664871
447341853493
447584664871
447784342128
447584664871
447779618348
447736473458
447895345021
447775645655
447957523447
447990503058
447864805328
447905295002
447779589468
447759572053
447771557602
447939538686
447756890630
447896878796
447803298978
447956327390
447501352534
447739179341
447825685896
447969735721
447825516678
447763734968
447575819419
447765430206
447769344743
447843206615
447725514761
447501435311
447773102997
447478393110
447496372178
447957419028
447957463270
447906708870
447854086254
447906708870
447957561451
447803298978
447769650398
447769650398
447875428878
447957419028
447779618348
447958076077
447891936968
447958076077
447957552822
447894070508
447957519243
447891936968
447957519243
447825635614
447772077787
447552416673
447854047301
447854047301
447825650020
447703957352
447825599190
447751947505
447825568201
447402283429
447837798111
447780965485
447825599653
447417434818
447912018499
447706077089
447740198436
447769310943
447926628670
447850109566
447365522826
447866251886
447736659122
447957463970
447595718328
447874111130
447826928560
447902988487
447872599047
447743439253
447852265111
447840791824
447403407600
447907210975
447753229693
447957517020
447774320108
447951238322
447341828472
447957492031
447799891579
447753239030
447957453629
447717213347
447376344056
447751698396
447717213347
447773089772
447825652986
447957567455
447939644996
447717213347
447796212545
447776120047
447957496738
447825600629
447771998254
447825685476
447825685476
447905832499
447956526794
447934820136
447957419827
447963271078
447773089772
447864208000
447912950988
447709775713
447833635585
447587005697
447944496481
447587005697
447594784219
447901670377
447833635585
447957594074
447772066968
447522431975
447957439164
447825571536
447587005697
447769717672
447825661986
447825615905
447828886940
447901628272
447540243191
447901628272
447577053550
447952843214
447901628272
447952843214
447901628272
447853232410
447940501788
447763105900
447901628272
447920888601
447901628272
447459485461
447984530829
447901628272
447894761535
447984530829
447955429229
447849762538
447915914600
447826516331
447830092061
447412515068
447737358351
447799031772
447826516331
447826516331
447799031772
447957423954
447826516331
447957494570
447841775208
447783678591
447840656401
447729029867
447970750334
447825617012
447988213119
447925377490
447875948141
447824902964
447875948141
447827777557
447781400584
447925377490
447825665289
447961921770
447778624365
447963771217
447539300261
447539300261
447963771217
447956833046
447711747788
447702123966
447890487669
447741481255
447796767245
447721776401
447801528995
447712891397
447838439474
447949273379
447748618052
447908781813
447908781813
447949273379
447825869026
447557123262
447795202722
447795202722
447908781813
447769997150
447769997150
447831858333
447769997150
447825630870
447825516759
447985597741
447825630710
447867992509
447562681926
447825630710
447534365941
447825502352
447855909307
447448184044
447546782443
447825502352
447825679361
44771738333
447971842027
44782554546
447572671712
447772206417
447751133459
44787556948
447957476477
447522966920
447954587046
447745397368
447580227762
44782555055
44777606826
447957427378
447858694916
44777155218
447465407991
447716002110
447825693879
447957574433
447740634113
447825693879
447830888897
447825551603
447780706688
447801393527
44759522909
447454984596
447771686460
447858065668
447954292889
447954292889
447578631440
447956116141
447825542369
447484336656
44795747161
447960404549
447510936883
447825598327
447814257880
44780790536
447740103593
447964947125
44792925352
447825679148
447818932137
447825690700
447754236203
447450511565
447557781412
447432125041
447411397468
447759056927
447825615285
447957496236
447825604631
447825566647
447411354916
447877219865
447873955203
447539664748
447917404673
447957459915
447739001830
447717620880
447526458957
447873393117
447825508495
447580008615
447861663793
447710840674
447534917269
447889881332
447788283096
447534917269
447825625458
447957533839
447766083160
447957533839
447956846376
447716005308
447751675150
447711642344
447941748163
447511613211
447902910074
447825685338
447738929148
447875557819
447825660258
447967414878
447814257880
447825622384
447841114525
447908487044
447825622384
447849105225
447989349780
447481295726
447825578103
447722029993
447481295726
447963171465
447956846376
447986264466
447803770985
447825586623
447753611222
447961802416
447711642344
447825509071
447973294113
447442178744
447585775440
447857236373
447728395506
447874694015
447926104085
447734111108
447960338984
447905487610
447970092501
447911739985
447825557002
447834498021
447950797176
447957591156
447481029692
447780008991
447495799654
447990522940
447828450945
447828233767
447974229715
447825515304
447713197461
447825519444
447801284149
447825616920
447887613910
447834230322
447825515495
447440672541
447944841272
447950038213
447834716661
447957570460
447984012728
447557989377
447881887120
447950978209
447753853982
447429450738
447746209433
447429450738
447850055524
447957566336
447748015312
447989151238
447957593635
447962079972
447552223815
447957519577
447768963974
447825704709
447957591165
447847624660
447966107920
447967939868
447957574491
447886355611
447830431723
447590399020
447825603779
447825536763
447825502352
447825502352
447557319708
447448184044
447581092312
447908817600
447955491320
447957529905
447722439391
447957505686
447702459417
447941010139
447747542324
447796875207
447825519445
447747542324
447957859282
447971444539
447446827350
447747542324
447815891703
447915618417
447960633446
447545352115
447926816693
447821383995
447765282010
447817533988
447957484304
447805300684
447951969042
447957557765
447957574087
447957544975
447825603079
447834689804
447840881093
447771824175
447438031642
447870194145
447557529537
447963109672
447870194145
447825564222
447717377912
447960197829
447950551311
447417488282
447944238516
447855294753
447950551311
447596875990
447852801072
447957482176
447951753419
447540459237
447540485695
447850480925
447854177773
447825570613
447854563969
447850480925
447825518255
447770668160
447710458089
447770668160
447833912913
447539414023
447957461958
447957573313
447966400930
447983772426
447841677506
447885241719
447825576356
447858407221
447957577437
447825526885
447539307852
447961938091
447861292164
447947608668
447539307852
447825557571
447957430154
447836623855
447831205430
447758266799
447810866939
447754467226
447976988961
447810866939
447810511579
447772481827
447968080391
447968013848
447810511579
447854650038
447818478728
447854754261
447921023150
447969257132
447379726088
447957473078
447535672522
447587774961
447895736087
447957438037
447957482035
447957482035
447415184011
447415184011
447825653846
447825550222
447906451282
447806466001
447415868720
447906451282
447957578895
447510288749
447527747258
447714208206
447825535978
447713402691
447827779708
447900082700
447852689197
447957485828
447432019628
447966463054
447770814606
447905996693
447506918877
447825589255
447859215340
447932353927
447870770992
447802249729
447515102190
447870770992
447867315728
447779990028
447545968283
447534686916
447825551150
447956069971
447825697881
447957281871
447528793867
447525016803
447710407508
447729503778
447919160369
447825568571
447825568571
447881295152
447957490242
447958915552
447835769841
447801273928
447578525400
447521747912
447957479456
447885730947
447584026919
447957534515
447541487989
447825659445
447825659445
447885730947
447739420986
447341602300
447825500321
447875228607
447815684516
447969138553
447825636050
447902440236
447913416696
447753683076
447825537845
447764939355
447767686021
447825537845
447957467356
447905825152
447440630716
447825605416
447957575568
447825605416
447831827891
447985733138
447980976448
447985733138
447880505185
447985733138
447957537802
447957537802
447754898195
447538931887
447941126467
447932221490
447932221490
447825571024
447825571024
447941126467
447825513054
447834069500
447843118683
447825571024
447903484054
447810801884
447906357922
447807991792
447554010023
447807991792
447597983638
447581483301
447825576401
447581483301
447545120210
447957535227
447904249682
447547063381
447825569114
447957535227
447825569114
447795546973
447825558874
447957477302
447748606001
447887605388
447879271040
447971800059
447833364289
447515455663
447793753695
447825642155
447756330938
447487711535
447398709953
447957421946
447932637124
447833594066
447932637124
447500043469
447708937800
447724741660
447958444087
447805902491
447708937800
447902602680
447738828327
447895166860
447825021018
447956570888
447552232195
447825687496
447494278830
447849647025
447752174380
447411009864
447535804584
447939398342
447961847702
447988041960
447958250457
447753430374
447769737051
447753430374
447870564744
447825506495
447957422653
447980818888
447427644926
447795171519
447957531208
447795171519
447837874705
447548637160
447863204722
447906130513
447957460366
447541043693
447728362632
447906130513
447825663432
447801818527
447766226395
447527079280
447957531502
447958523198
447870831380
447957576977
447773081140
447728362632
447794991718
447584060736
447886620979
447957550685
447757078522
447522817610
447590828926
447522817610
447826029048
447932025779
447825585423
447758691417
447752757714
447800511099
447775810248
447854119221
447980326034
447496018721
447802895893
447775440784
447748296180
447825912443
447761945834
447584427919
447770351493
447837186175
447960376455
447432626337
447432626337
447584499163
447957449375
447760238409
447857840477
447488448555
447984889848
447853366984
447771771730
447771771730
447964059157
447872898463
447964059157
447964088225
447793497842
447825664372
447870540203
447879644424
447957499889
447563279933
447800511099
447834829006
447976678502
447775440784
447825567924
447825575150
447775440784
447957480991
447850554121
447914538422
447914538422
447498846624
447969016775
447540592658
447498846624
447906454146
447818616569
447495498545
447957479980
447773373243
447969016775
447958016871
447851516271
447957458760
447794585032
447825664420
447703576243
447851516271
447380392092
447720843872
447565510258
447904509804
447957530404
447583962303
447904509804
447903672800
447875620704
447751851705
447855760215
447855760215
447958413033
447557503522
447546991870
447939816089
447825512155
447515440521
447939816089
447966447624
447837796658
447837796658
447772501464
447837796658
447957480798
447810522995
447500393388
447779290184
447962323671
447500393388
447962323671
447521794007
447825564148
447761501401
447595474507
447887743865
447590847579
447989651282
447957494159
447957593261
447599263277
447957466406
447989306252
447957567489
447811066454
447957567489
447957466406
447971056006
447957466406
447971056006
447904375207
447971056006
447856323673
447970399302
447454003221
447957407305
447412722233
447980904560
447753323883
447454003221
447825578299
447949686572
447783907910
447825578299
447869399737
447838120968
447764198670
447838120968
447864756211
447764198670
447702757711
447825605361
447716522299
447854794022
447825618876
447716522299
447813879107
447825667664
447421727241
447983880129
447716522299
447765136058
447983880129
447716522299
447903350923
447763837508
447850850453
447957502292
447753434056
447908842658
447957502292
447704419934
447583020524
447765578725
447855571123
447583020524
447834410075
447583020524
447846984168
447583020524
447866061355
447834410075
447828971227
447340001030
447854583477
447825635791
447957545822
447846581882
447825545446
447957545822
447834275367
447814026542
447957456325
447834275367
447825616226
447825545446
447901252841
447814026542
447957562493
447825545446
447779919711
447779757962
447814026542
447906193328
447814026542
447825651234
447951273615
447957463797
447480991190
447841047527
447932635813
447415256263
447817940561
447800875054
447825516246
447940212057
447940212057
447957478970
447940972778
447957407045
447957478970
447792890069
447951993335
447951968656
447563948018
447957519980
447540555445
447824905300
447824905300
447961590403
447837888389
447954792756
447424747905
447940046691
447824882358
447775791438
447903641628
447584296884
447512181650
447903759010
447957462442
447790696974
447960014436
447759978441
447979766266
447508939158
447585442528
447792419727
447516662147
447957443330
447870625617
447526467095
447753820370
447860380345
447809425169
447854955577
447957557475
447860380345
447904325831
447825517914
447732280503
447850153037
447779154126
447905584009
447932237899
447932237899
447522785991
447957506864
447527070871
447957555605
447527070871
447771974297
447760471411
447903712798
447770830115
447760471411
447800719106
447788374999
447957408476
447808394777
447949110358
447868041625
447743520777
447825505714
447957552877
447927417431
447807838846
447709695005
447734113690
447825512654
447709695005
447734113690
447825501454
447825586736
447799270334
447845679471
447727031845
447542118253
447926483794
447988754429
447957450131
447976052890
447957547748
447836200027
447922094485
447957463607
447841397609
447548110719
447876887108
447969338219
447885581962
447825559294
447800866196
447825568783
447772603343
447854396405
447825619447
447852365705
447729621941
447511981084
447804658584
447515360117
447704498502
447828600383
447946744091
447834971051
447752177093
447902295001
447704697405
447952605796
447889530837
447500091981
447464598875
447801264410
447736650788
447429227167
447543652962
447592203666
447540928021
447806786750
447765060352
447469256907
447517193635
447962165573
447825553630
447925495938
447907155846
447973473806
447763880440
447759219701
447875715234
447470253635
447825663258
447717727698
447841621336
447841621336
447969043507
447754463390
447738628375
447957486712
447957555370
447775670537
447403448365
447825829129
447825663258
447966377872
447825519038
447702683514
447702683514
447825651887
447825649761
447957595543
447957566008
447957403627
447825649761
447957523490
447784813974
447825655224
447775861399
447825634745
447773672556
447518775859
447894579001
447740109247
447957402107
447894579001
447973673724
447805497036
447835111920
447775583900
447973673724
447835111920
447825586492
447960849789
447776190366
447501592401
447956961437
447973760878
447957471054
447886029101
447564935360
447825617857
447969735980
447979547938
447766831075
447908030418
447906644197
447873593561
447539699269
447739482550
447501276883
447759791710
447501276883
447854459384
447957431879
447747803426
447514014542
447957529341
447770701569
447969700558
447846438603
447840075381
447957444251
447803530396
447484760831
447825600268
447795163102
447548936190
447412569011
447855542631
447957739393
447825587589
447557508968
447957405051
447957573844
447846019609
447548936190
447901150239
447411257759
447825166127
447548936190
447760312841
447825581833
447759790038
447707472077
447918811000
447957446530
447852276902
447841043112
447548936190
447825698864
447548936190
447825630553
447861779312
447580097142
447584570375
447828173695
447572801647
447903207808
447958900499
447415860481
447860113855
447858367984
447847920659
447557914155
447825638248
447748488415
447957439136
447825512594
447342674647
447933953559
447411040606
447714146854
447768216686
447825641432
447739103130
447825506764
447714146854
447578326985
447792902337
447825506764
447905868311
447862288356
447977137005
447584577932
447960493544
447756692354
447770885887
447548114870
447717316728
447957417248
447824808881
447717316728
447702278845
447769784943
447781412388
447969564183
447703161801
447855519065
447825531031
447834951839
447855519065
447751182252
447952888920
447957459152
447942959500
447932764474
447956159148
447942959500
447479404750
447535091027
447956159148
447756089231
447535617838
447825506290
447796018593
447841625079
447380182334
447535091027
447957549412
447535091027
447762188018
447576544499
447751015112
447789228936
447927737736
447759568160
447760219674
447769693429
447970366899
447484732991
447825535721
447376649546
447484732991
447825651276
447881057760
447437160736
447950796009
447377328705
447760303728
447957506576
447986759085
447775250626
447825544725
447957502901
447736352376
447967673732
447966031199
447950916067
447792700378
447967367909
447768195882
447867473974
447765480685
447825600625
447788628985
447788628985
447825600625
447479401379
447561113250
447531553305
447783687776
447928772081
447968247359
447578474997
447799796643
447887451255
447956185080
447950412229
447852260193
447956185080
447957427078
447748824701
447874962673
447904754733
447913327020
447879446605
447554440598
447988563175
447760881324
447766005066
447766242130
447468460891
447539840453
447824557360
447529215031
447539840453
447908085685
447529215031
447814961254
447500901950
447751237730
447529215031
447542118253
447542118253
447341602300
447542118253
447875715234
447932635813
447529215031
447738828327
447738828327
447500901950
447825669202
447913416696
447825610918
447815684516
447956008169
447958915552
447800988123
447957574087
447751237730
447584071394
447956008169
447854008619
447854008619
447771640462
447402788600
447854008619
447904780590
447952929170
447810363260
447891649048
447952929170
447891649048
447837878880
447999916167
447779803919
447766106339
447724576547
447724576547
447806383915
447933576193
447944693621
447933576193
447941274352
447944693621
447944693621
447957576171
447857929881
447957576171
447751375792
447857929881
447857929881
447900264724
447814431572
447805016517
447952009346
447900264724
447494445995
447963113474
447494445995
447833101095
447941954248
447964786986
447957446295
447860875246
447825667489
447958533503
447825628203
447833670631
447753130300
447927910064
447826517624
447547117049
447825524123
447966152529
447850185306
447768816163
447440687850
447957562163
447462061123
447960844075
447957509799
447825518415
447825542543
447588611667
447588611667
447702599962
447588611667
447768816163
447806899550
447825544979
447813848660
447766490103
447740174234
447799893982
447787531632
447825093623
447787531632
447740174234
447854135060
447758965785
447957473328
447854135060
447899825078
447752080430
447779382156
447779382156
447837665913
447957597444
447710381436
447825565246
447825605291
447825565246
447766914463
447585907556
447585907556
447585907556
447956807931
447585907556
447825650555
447939437576
447956807931
447960780983
447957576208
447585907556
447585907556
447957576208
447957576208
447957576208
447746672856
447825611059
447960086413
447890591990
447738388702
447585907556
447795473385
447976393841
447976393841
447585907556
447585907556
447976393841
447795473385
447757055315
447774810429
447429242303
447914420544
447736705640
447855081696
447478620303
447825531341
447765408556
447779517013
447779044721
447957582008
447402491279
447779044721
447400558666
447400558666
447888704010
447888704010
447825549426
447941825983
447766520909
447805335870
447840186333
447825522201
447825522201
447858050012
447534983920
447825522201
447805335870
447783413924
447933101188
447933101188
447882343590
447933101188
447933101188
447957457989
447882343590
447933101188
447752777430
447825653176
447825522201
447752777430
447873118122
447825653176
447873118122
447873118122
447873118122
447817359221
447948404769
447825545978
447817689691
447948404769
447825522201
447833703019
447833703019
447872596274
447760125514
447773207697
447904613659
447773207697
447403307790
447763639165
447539326780
447825651848
447501125030
447539326780
447957433706
447903313622
447957545893
447957544707
447957510129
447971129838
447748793587
447834769060
447715451909
447870366047
447825651765
447834769060
447809534263
447834769060
447714930432
447714930432
447790474779
447525417111
447852880035
447957565602
447765693500
447957565602
447938009007
447703330464
447904490537
447955093802
447825651746
447974032060
447480535567
447480535567
447891807990
447957436838
447957444460
447957444460
447511187710
447821324249
447989254906
447989254906
447834361117
447834361117
447891008079
447904086112
447581303856
447772130373
447825560474
447581303856
447391437122
447780610154
447999448718
447983291819
447971855454
447415411717
447971855454
447928006061
447825662618
447738546525
447825562622
447722734168
447957405131
447740382712
447709309653
447771572792
447780454688
447795614695
447795614695
447375061946
447375061946
447572116027
447770823247
447955604580
447801553089
447877435668
447955604580
447870159114
447877435668
447710228666
447710484274
447850658713
447877435668
447581089484
447850658713
447962861150
447850658713
447850854504
447866097289
447850854504
447957441001
447825686053
447850854504
447805060895
447825686053
447424709489
447825686053
447424709489
447424709489
447941929565
447914297197
447805060895
447825686053
447950605971
447950605971
447757729795
447456288284
447557886185
447557886185
447557886185
447976968860
447557886185
447747470042
447825609165
447825505939
447825505939
447901941855
447912510513
447592353380
447703191686
447786962839
447792248389
447912510513
447411925603
447957514477
447703164574
447957568677
447448682274
447957568677
447827828917
447534974089
447873320790
447957539952
447867361430
447786634565
447475060400
447846761158
447479564509
447479564509
447957488977
447881628857
447798862727
447957418001
447881628857
447772847156
447515424941
447891872852
447951664494
447771668154
447809442714
447957587711
447875419057
447957457058
447875419057
447835168704
447778212357
447427637901
447446288299
447982051545
447737046342
447982051545
447737046342
447769211002
447565238960
447734942857
447894660003
447967778895
447782329245
447894660003
447585226582
447762849360
447585226582
447841450743
447913660596
447585226582
447841450743
447751181251
447935927089
447970049616
447858709656
447751181251
447904902766
447957490942
447799946695
447989991700
447989991700
447599700233
447825538382
447534132555
447773813006
447570820068
447825616931
447570820068
447825616931
447403377681
447966938509
447825688522
447932798672
447792954867
447932798672
447376412841
447706626634
447376412841
447706626634
447825688522
447706626634
447825615195
447957454061
447702483503
447799895824
447923024014
447799895824
447802633193
447899937943
447851660297
447799895824
447927331323
447927331323
447825660947
447903921157
447818507957
447803853241
447830198833
447957451129
447525484858
447825671928
447830198833
447849664824
447929335013
447901127287
447568577873
447462439893
447882233756
447947465962
447947465962
447530807797
447947465962
447599288437
447963779335
447734886216
447746295127
447746295127
447825535832
447876447660
447879339256
447958515129
447903871572
447970853848
447961095967
447970853848
447970853848
447881787005
447970853848
447961749310
447970853848
447799624419
447961749310
447970853848
447799624419
447970853848
447970853848
447970853848
447956980139
447970853848
447970853848
447825598413
447970853848
447970853848
447970853848
447972764433
447970853848
447970853848
447624413141
447952468073
447572544592
447970853848
447950776276
447957581234
447950776276
447950776276
447742957543
447950776276
447957469094
447837390203
447950776276
447759448519
447950776276
447967131277
447950776276
447950776276
447950776276
447950776276
447950776276
447950776276
447950776276
447957407307
447952468073
447572544592
447986528723
447970853848
447549383109
447572544592
447970853848
447950776276
447860357527
447783515137
447783515137
447792086264
447854376937
447783515137
447545171898
447852208429
447783515137
447957417671
447852208429
447548884834
447957457888
447939934826
447852208429
447957519206
447939934826
447453324480
447957457888
447939934826
447966799203
447490750472
447453324480
447966799203
447967014468
447453324480
447957492088
447453324480
447957492088
447774857798
447766523370
447886236579
447774857798
447858029674
447957492088
447850056975
447825554204
447858029674
447825559358
447850056975
447775756263
447775756263
447850056975
447808738011
447581456938
447775756263
447970830916
447775756263
447581456938
447958305176
447957592179
447716987380
447775756263
447957588385
447775756263
447716987380
447989598780
447716987380
447825540321
447825540321
447702274360
447825540321
447392290202
447392290202
447585220968
447392290202
447775756263
447825168823
447775756263
447825168823
447825168823
447599334251
447775756263
447599334251
447599334251
447957570490
447957540833
447957570490
447957570490
447957570490
447957570490
447789541184
447843943113
447843943113
447957537942
447939855210
447775756263
447737174893
447939855210
447939855210
447939855210
447957558318
447957558318
447908273718
447825620126
447825559183
447825559183
447957424465
447957492571
447957492571
447957492571
447957424465
447775933056
447957424465
447957424465
447957492571
447825500116
447957492571
447595988418
447825500116
447825500116
447800747900
447800747900
447800747900
447595988418
447584634334
447787986678
447957568813
447957568813
447957568813
447954467820
447954467820
447958956603
447958956603
447753231746
447753231746
447753231746
447753231746
447753231746
447753231746
447768639843
447793678929
447957412005
447899900175
447793678929
447899900175
447967817524
447899900175
447899900175
447899900175
447825610558
447825610558
447825610558
447825610558
447825610558
447837388976
447825698673
447825698673
447825698673
447825698673
447876342855
447876342855
447876342855
447876342855
447904403048
447798771954
447798771954
447427644926
447437355216
447957422653
447548637160
447957460366
447957531208
447766226395
447437355216
447957531502
447958523198
447825663432
447773081140
447886620979
447590828926
447870831380
447775810248
447496018721
447932025779
447748296180
447584427919
447761945834
447770351493
447957449375
447960376455
447760238409
447853366984
447455843505
447964059157
447870540203
447879644424
447437355216
447563279933
447834829006
447793497842
447976678502
447825585509
447957480991
447825567924
447540592658
447906454146
447495498545
447825585509
447958016871
447773373243
447825585509
447825585509
447825585509
447880701503
447880701503
447825525595
447541170838
447952307655
447961255475
447542708261
447542708261
447542708261
447542708261
447825553167
447729643990
447729643990
447729643990
447729643990
447450477556
447775993022
447775993022
447775993022
447714258028
447714258028
447714258028
447714258028
447961773805
447961773805
447957566844
447957566844
447957566844
447541603205
447837635677
447837635677
447837635677
447837635677
447837635677
447837635677
447794585032
447988882984
447703576243
447768631883
447791874160
447791874160
447876192750
447837640321
447837640321
447751004516
447514831170
447703982202
447438392801
447825546338
447957585219
447843174808
447957426803
447751004516
447810056430
447518781453
447887947039
447585334023
447850253410
447850235487
447939905015
447713135033
447802490000
447954600697
447957506194
447814253626
447957435416
447825884432
447515394366
447557768785
447957563281
447825611238
447835244549
447850105657
447593309010
447753600279
447825567797
447957426707
447796446677
447809430031
447837665857
447957437256
447983804866
447860275903
447850253410
447748983726
447901687208
447825599403
447954384746
447748708991
447825543699
447849119159
447881627387
447581072389
447792002103
447805678097
447770621859
447977868516
447415683215
447719857461
447768275407
447957481822
447838609670
447450565081
447863135013
447849638994
447845158557
447380276808
447891861878
447971397215
447563157064
447876244549
447516616814
447585001584
447863135013
447854401960
447762535031
447825654883
447446524446
447825576664
447759051630
447759090876
447825515445
447894501409
447957453612
447951157034
447938140729
447833920985
447770932519
447545868639
447727818123
447969690853
447979296117
447775874874
447718884859
447908035322
447762629482
447411298337
447540472031
447393309803
447540399110
447708630701
447825566196
447805493263
447960146447
447824536667
447440299028
447754641113
447772820558
447762981023
447873408782
447800923543
447825548526
447540757714
447800944576
447825632114
447861291080
447789331405
447513365892
447904197414
447957402981
447739446241
447842489663
447376281078
447722541913
447769588252
447853222071
447813116848
447515515943
447920558980
447595429471
447707369041
447469886249
447513456501
447746147881
447887354652
447783542900
447772542201
447592311433
447957426758
447584291490
447957455512
447825641108
447814059006
447968346509
447879466689
447957531634
447825663253
447767458578
447794418599
447766913660
447968277995
447936676684
447939915475
447468462593
447881924648
447539394997
447825560250
447817774002
447904481158
447825631635
447785545657
447590686170
447957211265
447704345572
447957562258
447456008627
447810640238
447840866283
447964382982
447818095901
447825568680
447955403127
447946131225
447599630357
447854946566
447437486368
447380402098
447957519432
447927184368
447867557221
447740188206
447912658285
447908544304
447814498319
447957542628
447979942353
447962224279
447881742326
447728756027
447944574975
447500666990
447584100100
447377788111
447478993437
447887985154
447554444243
447957534812
447779266786
447964608788
447825510220
447748756591
447825563895
447545242771
447825564636
447582176176
447521314964
447894151838
447484322149
447800846125
447515868888
447471901008
447704380054
447576205716
447825556560
447462572151
447855554824
447958765213
447950906814
447498650097
447534097973
447754172512
447877458978
447870816726
447909956339
447592238770
447778539403
447825684370
447798904092
447957146860
447795250125
447885888910
447825555117
447751972550
447957555707
447825696521
447825567978
447562745505
447793972962
447908722980
447986830057
447825833764
447957540027
447957495688
447719465652
447904669364
447760161832
447738368737
447856233140
447882423985
447700328734
447572657494
447825664367
447825605084
447825515458
447492404111
447856199642
447597256933
447824612511
447557945431
447759018596
447954161128
447825688339
447929556905
447849371972
447854518287
447958405875
447957557490
447902399080
447542935673
447837547550
447878369264
447806096319
447957448511
447957578141
447908981192
447936182590
447825629098
447825616165
447727144633
447738433106
447825569418
447795030922
447957582294
447828804885
447825647148
447531006412
447717683035
447500222838
447463712950
447908215962
447966524302
447957488581
447825576390
447957585067
447958058068
447825613574
447831201146
447874014681
447843183528
447825688820
447505099506
447801331098
447989807000
447932855802
447895964220
447874896858
447825686261
447734207119
447803356528
447966143056
447913761846
447957411215
447541021685
447833252277
447747403794
447778345657
447825627374
447762306141
447934957258
447825685818
447885548852
447935433391
447873446698
447805335740
447782106281
447957500902
447903724011
447825698308
447758341133
447774329790
447985463358
447590838989
447572530054
447957574975
447957461453
447850423929
447500374955
447581461227
447792124965
447771365857
447717688421
447799330789
447540946714
447957376870
447738007649
447905003429
447891882920
447733390002
447957558478
447957574391
447957416663
447825538412
447749079242
447912862215
447825513599
447432080628
447376317580
447940328032
447840504087
447778979123
447787401795
447958386588
447764256207
447858513010
447583239856
447950317924
447557126230
447585114846
447825567240
447957527424
447843232279
447525194869
447779421631
447957585572
447411153977
447957437882
447703822632
447825515090
447964979236
447774557081
447803344136
447793763548
447840389946
447852504471
447873216439
447990516037
447825624832
447841518981
447763866450
447857913004
447795313274
447775627844
447968897546
447721678334
447583919729
447927757348
447596766201
447850813210
447779257444
447842906806
447825578774
447554010820
447957545642
447578070087
447903584964
447753169208
447957570032
447960563281
447957426340
447770458056
447540787420
447846973765
447780554243
447837062400
447817257285
447957567293
447714955897
447799365083
447972161142
447944857267
447583878466
447825559367
447814231734
447920107588
447957411547
447845090183
447817622689
447974252859
447821154146
447799627122
447412525283
447957441098
447875567598
447989739791
447772844304
447958051088
447957543201
447956708846
447814023097
447557144261
447957419005
447561499899
447802761744
447427638573
447400004668
447957473594
447825580612
447825521999
447801729338
447398671822
447849999430
447957483459
447875927309
447825688465
447764304000
447825627608
447742852465
447592552914
447990574427
447775671749
447523283774
447883444329
447825637233
447740124880
447825564643
447870865571
447773942867
447957434814
447957521894
447825566345
447825511277
447858404775
447971571333
447787611834
447734261972
447901242090
447727686151
447752759559
447872835143
447835010207
447736564219
447848450100
447957520922
447783783779
447778751224
447747806242
447971644954
447477523222
447843307704
447960491620
447825502866
447757068189
447825618496
447970920040
447933454509
447563568873
447876220797
447818507763
447587888045
447813072110
447825632400
447891091836
447902032310
447341667207
447976929547
447957584480
447923815280
447748666465
447758244476
447867504614
447856574682
447530028749
447799541027
447742600551
447957431404
447887692581
447954652634
447739088190
447957477960
447989188525
447957519389
447957574474
447887561239
447739507321
447901778017
447951466912
447867128404
447507854094
447825543545
447887648948
447752591615
447825651889
447700353834
447568466624
447747731962
447766053306
447581228162
447957517611
447759436248
447800828820
447736210775
447810300051
447957585898
447908919565
447935183317
447890193415
447814035585
447814273763
447795281176
447858838851
447901653709
447970984017
447770623474
447949483131
447957585898
447947210068
447710276270
447772961561
447799442901
447496431395
447825576273
447582248199
447786513686
447825559540
447799831035
447816276036
447853130724
447849342698
447971614630
447515381479
447515776357
447970082071
447586937853
447557095670
447957555119
447815178756
447702948281
447402417756
447946546064
447874637122
447599700798
447922125000
447581231709
447401188102
447979866519
447752852854
447854923221
447751216805
447415538161
447843130300
447858258248
447866944892
447901672044
447526526072
447980013339
447507507910
447957593084
447825596554
447710689180
447957475306
447825685603
447770909853
447875681126
447584637657
447960159781
447825615803
447702519169
447872338832
447912972747
447825580796
447847320577
447921993966
447929277810
447737090131
447956962519
447402272206
447877890270
447908207563
447855805076
447841422632
447878883852
447917344671
447926005155
447814410372
447581487243
447877669094
447825671947
447748321130
447792303898
447500221570
447854438759
447939182155
447771568720
447565746674
447591486200
447999696036
447825510121
447881812714
447872859343
447813328554
447802589523
447853850948
447825685592
447830508960
447803205398
447766606827
447928542948
447581175136
447957494214
447739017599
447920195811
447957562637
447775880797
447753192768
447795682324
447412129892
447581484162
447983645862
447913236050
447944093123
447929032953
447375608269
447957551617
447411139839
447779279148
447984071935
447825651134
447932851134
447881798679
447867808884
447590820107
447825566533
447884428317
447957548975
447856537419
447968689622
447500059211
447842084058
447898656175
447813704366
447747495884
447779711993
447957571227
447403563872
447944086126
447825642858
447823771530
447703392711
447908256533
447958109423
447581076832
447817955113
447737000652
447954174370
447403459930
447957518541
447957454434
447754011385
447713836673
447800593503
447957597536
447770377710
447877236830
447972105815
447779145353
447960425542
447825568890
447432611849
447875601006
447427660588
447401440111
447828357775
447774631545
447884498782
447876021296
447843092607
447873362182
447740671244
447590004241
447827188886
447935085761
447890327855
447889295781
447710443666
447825551709
447546520872
447943081656
447825504952
447881578902
447557902609
447799127710
447510585374
447957573257
447752737849
447957408840
447961388755
447593732662
447825621883
447825616969
447951043575
447863135013
447914415666
447914415666
447901710385
447594552391
447769518676
447824388778
447865967274
447846431930
447825504311
447823530850
447774885271
447799032829
447855449957
447787153601
447817434446
447889410939
447902896212
447941267916
447872647588
447957518030
447825618304
447729481153
447543825362
447868755261
447712165751
447786707000
447540258986
447960558936
447957407608
447902552884
447891227849
447944430830
447927924568
447710678079
447888826282
447765535866
447908425913
447482222776
447800800119
447849439892
447545661880
447899323261
447546199113
447957476009
447881780784
447535669553
447885482498
447855444215
447957588010
447542952143
447769251754
447739505396
447957488204
447762759728
447817506858
447753661954
447703006659
447892648572
447525740693
447818436704
447825598428
447463737233
447825500020
447817972891
447779124930
447540989144
447795188918
447908829826
447768273463
447957427744
447850948977
447765120165
447957412242
447966245758
447525365456
447791746785
447580322789
447867417199
447813889165
447886637194
447957495041
447878167214
447886205592
447838681700
447967734004
447956334893
447825616235
447568394060
447534980617
447901793763
447452962581
447841207145
447400978510
447904685850
447562357365
447795908483
447947065501
447539561121
447968450378
447557900804
447796011341
447876574431
447487814449
447815099042
447568393315
447806683011
447867781178
447958209579
447957571140
447825561166
447850333037
447984515447
447850102720
447825516148
447825559216
447858107097
447957591305
447912621688
447828042867
447985644429
447825648766
447825599118
447963151837
447825575880
447957515621
447498594236
447876566914
447718136987
447861789189
447825686864
447913012214
447968470006
447753558837
447831543298
447837477920
447957498002
447939297934
447913365416
447761675858
447753330163
447907812925
447792456397
447562733755
447818047316
447825629422
447825508571
447794398144
447772390375
447825614072
447588555343
447591805951
447950489548
447873349616
447769638115
447956873208
447799622668
447456566585
447521729947
447967196471
447855246645
447957448733
447936220202
447736525094
447877189565
447957504969
447939166296
447957586064
447594557739
447762813869
447771978783
447703607757
447375491412
447495750444
447957488579
447772817754
447928654423
447740339565
447825519510
447853952822
447941675878
447825628232
447873409292
447824097383
447957528779
447957429494
447796305181
447925586457
447928564494
447961819686
447908792782
447871052728
447581215602
447766828260
447906786505
447825535708
447762949561
447424142056
447961030590
447776324614
447825669669
447957445428
447866768116
447963821591
447904887450
447873519485
447908194644
447912695742
447565614157
447930991111
447958323391
447825630324
447813666143
447957576032
447484787846
447766200111
447958760432
447769293242
447415880671
447854667368
447584161575
447817074617
447825547205
447849613973
447786552810
447940061281
447548672321
447867973362
447710349101
447778289805
447506004808
447946852094
447957591835
447792827467
447572343201
447905369165
447729157204
447894792139
447825603998
447778775204
447584437252
447901511917
447412029491
447825662257
447711962822
447951031193
447825532790
447531335237
447850919591
447824514928
447850312810
447825567134
447401475009
447955025693
447825687716
447753259449
447454727660
447837206661
447980535940
447756259197
447966468182
447922024288
447825519759
447540230625
447515034707
447825509110
447825544838
447482431252
447969425544
447957555036
447462901072
447941009458
447535777541
447766407550
447825647571
447703762226
447540803838
447825594754
447964568901
447866719614
447526718071
447834997506
447825561618
447825550715
447957467613
447957444475
447827668873
447952321120
447957403941
447873342301
447835598132
447788767267
447506221486
447530617692
447757337503
447498228563
447901902533
447990573900
447415630611
447966444427
447445566109
447815943457
447780910101
447958695352
447904736315
447540752401
447957461054
447895870448
447944876485
447825627796
447734934333
447825627163
447770688166
447957521961
447932906446
447957493842
447956241629
447957463509
447731816383
447971311499
447765173212
447736649983
447821721586
447825561038
447966371006
447834358477
447365286228
447752900237
447581581618
447957546786
447540865961
447825614654
447525178543
447875367663
447743820274
447851059367
447470455087
447551229055
447825548459
447956959865
447891678783
447762336368
447874158587
447825516258
447581278577
447825563595
447766687862
447966232393
447912424808
447874047705
447970774531
447710452013
447577216665
447540348663
447786050102
447957594677
447825615949
447881977543
447834413319
447557224035
447713584011
447944511898
447956819744
447543756010
447986556250
447554357457
447900055858
447904836665
447825525941
447837662287
447957548860
447850470154
447825684607
447775422555
447845585560
447758226258
447957476962
447725996289
447976735343
447873571856
447581876907
447957459453
447934011578
447957543409
447557986036
447454396633
447828513654
447957519873
447860240406
447904651818
447527597551
447710564262
447825504469
447825650515
447753842535
447928112614
447725258362
447929266664
447847762495
447771708850
447825580769
447584097606
447964031001
447969818491
447843330997
447506962057
447856521588
447925234305
447908524513
447972277382
447824602403
447951728742
447905948834
447791394430
447703455053
447951268872
447717443351
447512044001
447584168901
447957584383
447940227739
447825626134
447841903606
447957474013
447983406043
447577668707
447905730478
447957564058
447903411321
447763679757
447577942786
447771501714
447904967579
447841401968
447957571477
447825669529
447855285059
447770695164
447842541938
447856936859
447944730725
447769668422
447513443470
447860861389
447970250369
447825638600
447841500752
447711100064
447973344508
447825867677
447825541864
447405178544
447967905624
447957595725
447956067704
447757130282
447596742125
447944286593
447855744852
447734248447
447834707279
447739369609
447957498310
447901720783
447957400150
447931699534
447825416651
447825526046
447990014151
447786282504
447825548735
447397141956
447759145192
447440257049
447881306407
447894213953
447703549004
447976253276
447528319709
447837797738
447547637544
447540184687
447914898885
447783923272
447920760883
447866690505
447811101239
447854378742
447824902258
447758033659
447946519395
447957400418
447767390367
447515275541
447813204990
447957561149
447552365691
447986516705
447823509543
447737650431
447737555320
447818383622
447540049296
447776207095
447737711284
447816886755
447773287354
447817268424
447738436293
447764463974
447970329391
447825568176
447915242554
447956238709
447840660321
447584294979
447740819578
447825506609
447874041558
447957521470
447828433278
447581363001
447809291754
447388032634
447711495598
447825553511
447939809694
447748159822
447802242074
447557980533
447800914784
447939338452
447708595552
447484843202
447810148048
447825566406
447875359893
447512755966
447879447542
447746161845
447957441346
447865188661
447554341517
447957529846
447857609000
447731320769
447825581596
447917866750
447502243982
447818408593
447970854324
447957581822
447951099050
447773004718
447590576766
447879214231
447522644884
447799210097
447762707308
447958068963
447962585677
447825537641
447766466511
447557021457
447421367327
447956051294
447957509395
447855068662
447765111584
447796471520
447368942696
447999856010
447432460230
447914804755
447766080972
447903984119
447825519716
447592366464
447903269720
447716938366
447907975702
447547891743
447438920668
447877922850
447834773968
447815755623
447834828107
447834355841
447919151952
447779803465
447957459261
447552777237
447957534362
447870612516
447958237247
447957401936
447927360367
447913675570
447758356372
447952932888
447825691625
447826341475
447772712116
447970486219
447979811998
447825794157
447482994641
447985722726
447872590848
447954210070
447702617769
447957561443
447967305041
447739530975
447858918227
447825530108
447969203606
447825586690
447908412021
447938927590
447957536222
447411008395
447835988498
447760663436
447778526785
447951293294
447818023500
447737121354
447956523368
447827461492
447999455819
447511195210
447876298320
447754644669
447545990080
447739254828
447790020968
447957580270
447969095122
447519134201
447778405622
447544229699
447894847388
447967282693
447860232519
447825559539
447951444480
447957546519
447391550156
447833085568
447825618764
447957553482
447765254177
447817538607
447957535416
447825614225
447981032978
447583153115
447957571618
447979533737
447957520282
447979883669
447769691129
447957553959
447838449499
447843061317
447988051194
447825501503
447795101303
447739089221
447825523486
447769722315
447950869215
447411164850
447875495863
447794540825
447855738627
447850332707
447944887774
447770881577
447957514859
447713314225
447766156075
447768001000
447825570911
447850338531
447802756548
447930287444
447582929322
447957455393
447756210276
447903718497
447966088398
447951983221
447850280209
447887763719
447960685638
447957408735
447702228078
447957530780
447775251744
447852600457
447903694300
447957418180
447969557297
447872176289
447778939495
447825556369
447872904090
447766949822
447581452244
447983570882
447847744861
447557877045
447960438108
447913005253
447503189514
447741245100
447825575975
447500909152
447580779591
447454432224
447957478164
447816497291
447557005276
447806748766
447722022132
447729119236
447980083495
447968238305
447859141401
447803010092
447772192364
447886812062
447539343515
447821736790
447825617590
447966821358
447766197692
447787110022
447957525527
447957430006
447540947588
447727023211
447971874750
447500861102
447588799537
447960211565
447821931941
447957554997
447540776438
447825637944
447526352573
447808684140
447976764990
447951247248
447582290801
447873322362
447972539613
447825538121
447930348321
447545107397
447974944910
447906157329
447908102017
447816645758
447711044638
447758231329
447782372233
447775643257
447734386516
447899945133
447740368163
447771996978
447717152304
447583210834
447825678219
447931323046
447767750775
447792402638
447740396197
447754997888
447528086339
447899001553
447957415757
447825246415
447710362402
447963160718
447979912283
447790113509
447938869716
447752809961
447967231972
447825531692
447427930183
447411079476
447983423112
447896954369
447746385860
447974255148
447825515503
447478967667
447758847590
447943859335
447957581104
447505209640
447804492226
447957507532
447595463616
447855319347
447951651402
447773067761
447825992904
447956407411
447772622390
447855287361
447882392449
447971003191
447881206382
447484197141
447932559778
447846006676
447518198925
447756651523
447958515396
447979126524
447889775531
447932635198
447825667550
447970409596
447957520957
447753579761
447835924617
447876073603
447709654198
447773551718
447902421055
447796191905
447557997882
447581581978
447957450159
447540124008
447957995806
447811146582
447901848232
447825521447
447825628914
447534135335
447751155472
447407303876
447957577083
447968133184
447739463130
447717752944
447564006207
447787790041
447401859555
447703612071
447906508049
447850363849
447811323479
447814921110
447825648914
447753146934
447956146148
447825671377
447590893087
447879498354
447552721298
447963167511
447825542605
447847564137
447591734125
447825537569
447825674643
447957472804
447825615483
447825687313
447771545689
447740570460
447739563297
447976538218
447957595994
447775837887
447803634817
447875080949
447957408178
447752921003
447957490880
447854928652
447939478390
447957562526
447934636193
447767266725
447957576371
447957538030
447900257226
447957588597
447470202656
447825563903
447753613842
447783260059
447530721373
447825637339
447867508601
447825663279
447903340018
447766391134
447961073019
447770635751
447825550502
447727627476
447957995799
447405241005
447963361939
447932511966
447825513545
447380529692
447989522740
447870893017
447710401609
447702907273
447902358556
447905224437
447831536370
447803587412
447825668888
447814402511
447957435788
447825641182
447775744850
447957555979
447951835911
447542504040
447825616161
447825638793
447788474144
447585390057
447879692946
447771977814
447979928635
447957446352
447756771936
447957438811
447825608129
447957512540
447974110803
447739911114
447875343330
447990917544
447738024126
447827011986
447956476223
447825561856
447774619771
447963604699
447504229595
447752465049
447917607791
447753185879
447843806600
447903543252
447594627303
447538206335
447957561911
447957513871
447446424626
447870913983
447792566023
447738613114
447939803249
447719903115
447842420892
447806784295
447957480121
447940569339
447540781026
447825576425
447957472540
447825162584
447939612860
447939387680
447885722409
447956589510
447956980994
447580708070
447825644225
447825186090
447886328795
447853859700
447753140911
447837008943
447825661477
447791190762
447958146918
447761826226
447817332282
447825688577
447985443216
447462484684
447491542399
447825639193
447824338865
447825669201
447935408382
447748701250
447825554026
447957546656
447957595756
447946000352
447936071388
447957486775
447832414288
447957517946
447779573893
447778428179
447825598979
447939831777
447917669449
447720778490
447411992323
447846279104
447510070468
447825616957
447957494838
447584421565
447792454134
447904878402
447967544393
447970219571
447852108532
447879896124
447514158007
447838237765
447857428849
447957477329
447957408568
447729056659
447969547208
447544592178
447841029469
447703431764
447825653084
447973723642
447825517827
447801810965
447570033331
447932682886
447783530353
447870391132
447500115780
447976202467
447753145166
447440477488
447764578309
447772970585
447920444939
447794626345
447770665757
447738114113
447802614743
447771631435
447957453291
447903329885
447746192231
447957590914
447974152020
447955394629
447841049547
447701089373
447873780713
447927559525
447867622302
447866623081
447825527051
447740189035
447957441058
447884115094
447786196684
447825516300
447957527272
447999079785
447786234983
447899343966
447800972818
447405187206
447973122969
447780575952
447768463453
447767408841
447969618473
447535751222
447940210484
447765433174
447593302292
447950231333
447825585349
447815926255
447908492285
447852431997
447818646969
447740151791
447825578861
447736108637
447867304592
447825599036
447955455168
447843158714
447950168634
447599708293
447715750214
447957563449
447954794213
447957583066
447793083041
447594964039
447802434828
447946700135
447514689520
447825524700
447555805893
447850881146
447877216512
447977067212
447957403626
447824412486
447966233347
447800764982
447955138327
447711742825
447530966429
447957559072
447557372462
447825684337
447957466063
447754201682
447833305050
447858390885
447825544379
447812737796
447512883402
447887760165
447912501322
447739013958
447831939565
447833975345
447753529810
447891452141
447929168477
447468601972
447715168862
447753614269
447482417514
447825651448
447752907983
447783827082
447825409245
447957488482
447872581481
447584670678
447796177292
447838021850
447515402097
447798733683
447825500092
447881349474
447940205640
447950819589
447852220112
447940270464
447896379926
447901515200
447872186524
447969822494
447762060335
447534268100
447966515720
447872908934
447960409490
447908807284
447834413379
447846288244
447795169451
447817016852
447709337791
447950238960
447835816071
447857902960
447769316167
447840681179
447939827703
447957566345
447818495995
447703105656
447873251428
447852401777
447957591049
447855836245
447778963277
447903315199
447964157185
447703359565
447887876805
447471943387
447825662844
447951424416
447734346139
447757215349
447957476540
447873918735
447751440382
447856763021
447903825519
447539404515
447866767164
447904008128
447788417903
447957434085
447545318690
447946535996
447872330510
447557533380
447411966252
447841029430
447768422641
447748378174
447825660217
447411500438
447572474592
447546263745
447748586040
447752151458
447971162147
447506098770
447825647713
447791324724
447500833289
447568507943
447753308858
447941126457
447764679077
447939985776
447925030915
447881602687
447825605814
447548788630
447753146289
447957402041
447825565554
447907484180
447886419420
447956376498
447932057470
447376290392
447986691068
447922289842
447764425947
447824808955
447990993639
447825545410
447961047533
447757424983
447482790526
447595731788
447804822561
447749072612
447833921042
447922182137
447830535864
447772989441
447957543719
447851982884
447790831960
447547894299
447779986386
447841933671
447740797947
447954338383
447775693371
447530123124
447849431789
447582900247
447825601668
447825623774
447771706135
447761189501
447957474840
447585966025
447837569828
447483838183
447825567273
447703450554
447944193599
447775354098
447752913192
447850593783
447738870854
447811078889
447966603595
447447486842
447568354078
447968281781
447849392025
447961602227
447780467324
447523700465
447825581068
447419311969
447835052565
447861735880
447709353740
447867672366
447957475583
447557877341
447957426930
447983582144
447805664353
447596116239
447515458517
447825605256
447340508798
447557023315
447771697966
447857370257
447756352037
447947464847
447957441895
447748669527
447850728146
447894431631
447875450300
447854940178
447792078969
447957568487
447825610402
447852241553
447380851587
447504111644
447904091173
447448208285
447838074392
447980540229
447879247665
447957411269
447793007143
447961590295
447802625732
447951806435
447825508510
447557523255
447757012124
447974235552
447957536699
447544531197
447756709817
447908608262
447525460077
447957412628
447951852382
447758010008
447762260447
447713011570
447764391721
447788727722
447739711548
447740363823
447776317223
447773430433
447703337076
447811335314
447825575846
447956260168
447799757465
447798627917
447814452080
447967200245
447717130963
447882185794
447506595977
447541706819
447825524163
447769548375
447979156321
447790940537
447957516136
447808492540
447846501237
447398221550
447415306531
447834721212
447713978992
447890781670
447889211867
447825501680
447718069786
447957422252
447762704155
447970967117
447557733228
447419330594
447754901993
447875074995
447584269286
447863648512
447838182914
447751576050
447856860620
447766812872
447825512063
447825510908
447592117432
447769212994
447376606708
447946469798
447739177250
447871304174
447957421167
447521472737
447769994856
447957480685
447928488967
447875163551
447742948985
447957561935
447957486868
447766151942
447825519692
447963601985
447949336206
447762998155
447971350603
447957539412
447825564560
447758689615
447432059738
447872544020
447950794177
447740640614
447857469073
447549889129
447873903530
447584126182
447825663496
447780184504
447944295197
447961277650
447875743689
447769700908
447848009045
447775977447
447769662327
447971546539
447843418633
447830047791
447957593649
447805034703
447957434321
447832166666
447823699461
447927573672
447825510986
447929434612
447568136496
447957548851
447940106932
447791019279
447957416029
447825556442
447708809494
447879417771
447757924143
447415778640
447957445208
447557054324
447780442494
447825518616
447740528877
447892485254
447956700045
447907569907
447867768706
447775681968
447825677669
447947631259
447825506081
447982650467
447788591268
447901853874
447825525786
447957535182
447825676042
447377983562
447843897485
447815521119
447889009820
447714733139
447825646655
447851313086
447796119729
447999818899
447837904649
447904183184
447960281943
447969764945
447950501700