842712535
848386924
849412937
844673513
848853313
846856867
849206292
847832559
848317955
846973987
848160620
849981884
842832101
841564657
847109485
845908656
849016726
848892657
849460693
846576757
844332133
842288956
846345152
844087680
849879012
845175423
843409059
848751137
844401044
847590049
843845148
846640078
843897986
843956614
842989812
843415875
846059172
841648433
849824814
842271875
842708326
842083027
846124564
846896393
844425891
845821680
845377144
845313249
848355373
846465547
847488332
842517067
846436768
843633678
843583240
848058123
847358490
842156814
846721039
842958809
841423009
847531989
847049386
848802471
844284979
849224128
844981447
846435870
846895245
848004555
847639996
841952599
841090648
848402749
846846714
848292192
849206146
847257380
844029462
848899372
849967486
841066886
845778339
849229236
845636939
849442139
849635203
849206423
848239065
849557497
845206552
846398438
842381589
843121510
841368166
845495589
842571369
845294922
845220856
846868899
843916297
844274748
842879029
844634156
849612895
845223886
841969857
842391869
844811983
848872994
845475088
846816750
844811065
848383752
842030658
844344668
845292659
845771959
849345545
843187097
842811866
846799686
849717148
847150864
845645925
844004572
845531945
847417798
843379900
847517899
849522357
845897038
841404191
844653496
848816062
843133411
841636996
843450364
842096235
847269949
843863574
845577538
844775548
842159811
847749949
845220762
849040317
847663915
849521927
847070889
843744018
842818828
842274767
848105650
846722865
845948955
842176168
844858798
849276543
847417205
845159151
843130097
849915852
846606597
841044180
849769604
841601989
847244039
845779386
848458119
849589237
841826195
847322292
849020499
844538228
842786950
847280588
845269312
844757839
842944706
843420545
844659471
847638898
847785196
848588897
849745394
847772585
849968665
848079696
846024234
845699909
845978798
844152690
849777126
846043515
843761726
845846842
847192978
845850333
842446736
844378999
843865890
843068998
849355883
846476187
847763031
845626486
846611799
844136864
847183347
845677897
848667881
847530814
842808728
846159006
844198401
849377962
846833873
846261996
849713184
842135577
848781218
844976458
847705076
842151683
849552683
841114341
841139829
849405986
844636093
846861460
842381152
849757813
846452617
847091869
846933634
848806097
846768915
841971259
847404464
849386820
844416434
847196115
841552892
844083063
847547973
846789452
847823748
849876780
848223111
846636378
841748075
847688166
846213161
849768360
845558668
847192685
843014106
845098419
846104858
845606518
845270252
842134708
847767764
849071767
848833003
845496477
843550875
845610877
844301095
848838020
843116606
844904203
843653874
842378974
841086482
847727191
846066700
847977970
845307099
849229555
846938377
848741990
848100939
844334717
844437866
843876691
843761551
848675726
847725389
842879177
845471436
846574321
844532161
845960333
845456880
843336223
849674089
842782622
847414147
845358160
847819200
843922019
849460829
842138196
849344874
845028422
842112922
845935528
848302077
844364384
841973312
848680365
846367943
844047628
848879312
847124686
848398910
844771196
846707243
842309209
849154108
848520767
849572852
848792504
849900474
842202048
843976736
845292030
848013932
844272727
845067282
847405780
841067652
841226568
848961280
843723777
843591766
846304475
842702720
841391406
842963369
844426184
847137898
846094960
847326686
849037121
844722538
845886553
847086602
846837688
846484734
846164812
848539570
843848910
844639912
843238589
849849999
845673577
846685585
846402936
846471445
843749039
841405848
846528942
842966990
844087186
848080698
845443893
848535451
844274786
849902030
849035362
841682681
847810446
847855104
842282623
844083533
844522993
849391060
847633719
845781871
848486200
848918911
843636769
842412376
846665049
849991080
844124134
844204052
847335644
844438601
848432148
843095655
844239028
843345934
849665152
844209111
844409332
841464746
849882538
849307847
848393286
848114171
849393747
845449395
842644645
846572565
848890918
841936810
845969187
845986975
849433014
848308198
849044804
842628388
843842248
849314758
841480197
844289860
846155620
843463983
848546168
845495695
841130068
843043227
842684430
848831713
848158525
847912823
842098533
849423733
842786027
846055941
844345437
842386852
845744888
841718354
842456878
847544985
84261119
849714494
847989992
845537636
845554619
848368807
842813409
849927555
846170321
849850772
842033421
847078527
849427435
844631828
849496590
848678577
841447647
847798143
844809197
843958917
847959295
843424444
842559154
842542575
843347348
848082666
843074919
849670711
847690639
849615503
848703993
847235662
843813573
842561089
846840326
842695740
848140745
848776249
847989842
842925186
846697978
843805185
843214495
847373404
849633556
846927272
845663935
849016631
843422817
843552579
844087222
842131462
842414225
845306597
845125838
842456931
849272007
844439443
843793003
843458397
843883484
842277657
844980767
844326894
845786866
846683123
844512676
843484611
849646433
849769521
847855349
845413524
848384565
848712023
847852502
845003081
843974014
848608214
843314032
848100114
843002627
844667724
842764815
842764982
844338981
847282407
846293018
841401146
845152493
845486764
849841736
842423352
845139773
842090999
845983591
846301486
843917275
847196279
849637640
847165265
846780585
847777793
841534696
844841663
847393662
846510502
849842439
846453318
846687091
846223787
849256085
849996633
848091744
844616646
846688100
841878562
846783726
848849659
849578384
842039910
846729394
848612123
842393336
844357786
844512807
849035342
845713979
844317525
848227661
843602711
845533544
844020794
845646208
846250994
846451441
848138996
848879410
848456752
844510314
847751870
844592925
844896880
841490147
849054435
844155289
846521866
844680426
843099138
848561661
841956703
845971782
843880801
849548098
843759777
843958997
842638194
846438892
847808576
848916404
846877596
848094213
844949555
843702893
844713488
848322859
848595121
843208271
848436365
847880432
844291432
845477597
848579708
842783255
844067839
848718366
841344781
845914309
848909889
841631638
846679092
849271095
847786017
844348989
847166639
844557137
849621629
842151479
844250084
847128901
842012302
846026338
846808333
844437662
845476886
847731730
844867894
843323172
847963958
843476756
845061020
846755644
849088098
845381836
848920029
848618934
844704546
844947078
842756430
848188578
842647441
841667236
848786983
845517993
845045433
847620909
842012794
849357260
842349780
841068220
842372564
842796447
844702527
842922267
847086282
843022528
845868494
847856891
849966330
842101313
842233510
843584359
845557205
844366644
849007975
842720653
848139152
844067811
842682393
847973789
848057392
841457529
843965645
847501556
848755778
844014635
847145924
848727172
842656466
847336234
847785092
844389475
842957957
847868945
847158568
845364374
844099199
845970530
841226127
848345869
841988553
842709968
846327327
842200467
845322999
846912301
846556490
846588564
848435655
846024792
846442106
843933377
843153319
849080849
849704371
847614408
842800757
848574666
849382336
849444230
849130129
844173978
849001758
849070247
843843471
842034922
844762323
841272749
845918656
841717991
843013622
846304578
844670928
843773496
844530610
849866018
843835200
842042621
845448522
849593313
843945321
847711005
846391823
849908198
847625178
841806701
846646802
843307540
844928959
848851266
846104055
848851805
844196010
849813655
846485755
841679571
848003979
845956276
844521263
843182478
841975718
849773773
847982036
842074726
843933368
846316666
843290322
846576791
849227545
849922938
846782092
847652507
847469393
842047428
842779965
844149418
849300179
849921294
847438302
844125588
843193689
842116344
842163230
847248046
847802872
846656851
843710089
846766687
845304074
845929036
842673093
847044884
847172576
847110509
841687169
849306363
848586707
842224106
847927838
843886622
845616678
849649690
847019012
844662218
846733835
848741992
843218167
844628119
845202452
841577436
846667689
845517748
842512359
845759044
844544555
843857522
842302377
847550181
843210803
842822374
841394898
843028686
845771372
845660210
845883283
846516738
842309663
849360139
841206606
843002910
847004819
848705754
848979138
844483769
844916917
848456965
846771819
848868843
849023268
847874467
842079089
848835633
849992200
845056294
844112862
848654816
842625336
847791608
843394993
843939945
841980755
845999880
841473335
849344827
844258682
841202207
847842816
846735862
842215763
846761871
843096109
848534561
845854148
842291930
846879242
841691802
848577697
845265590
845926195
844862814
843355931
841263008
849773337
849488739
842526262
849544442
843643182
845473575
848728740
845852217
847888250
845963708
847095446
842340938
847787345
849388693
847445645
842973864
849585680
842909339
846150142
848182125
842577132
843449773
841233853
843060279
842143982
849111235
842024585
846041579
844588652
845260609
845163092
843181958
849333737
846343736
849659104
846165082
842942992
849627727
849753109
842021810
845693532
842229468
845201121
841553516
842466654
843371168
842079679
841158580
844159191
846252392
846402229
845589496
847827063
844203693
841942497
843870011
843873499
844645309
846882821
843928939
848252843
843341596
849900546
846276136
849766794
842926294
849304838
847616225
842613862
848839984
848811728
849190447
843577966
846009876
849338452
848607225
844434448
846066023
849295456
845021425
845881180
845978712
844213666
844888988
846651643
842012468
843410639
848144174
841617349
845117770
846567691
848080425
845612586
846665442
843484548
843382879
846453519
844433823
848850677
849831819
842205144
844763833
844013395
845663188
849844833
845199081
843313312
846523169
847497852
845726229
849493979
845522114
842200665
841940815
844824330
846414408
849579936
841410706
845529296
845875983
844888284
846883402
844222217
846857956
848967093
847955974
844232230
846646052
848642264
842093467
844719411
848173694
847897151
846004715
845946150
842477897
841797955
848324268
843887057
842929129
846471989
848809090
844286228
841707868
848696212
841128640
845963545
842294946
849582095
849372723
847740846
846678136
842775058
848273618
848923027
848448448
848587172
846471677
848798457