8484902712535
8484948386924
8484919412937
8484944673513
8484788853313
8484936856867
8484909206292
8484987832559
8484828317955
8484326973987
8484348160620
8484389981884
8484962832101
8484981564657
8484977109485
8484925908656
8484339016726
8484968892657
8484919460693
8484936576757
8484904332133
8484932288956
8484796345152
8484914087680
8484389879012
8484915175423
8484903409059
8484398751137
8484984401044
8484377590049
8484963845148
8484896640078
8484933897986
8484983956614
8484352989812
8484973415875
8484356059172
8484911648433
8484969824814
8484912271875
8484972708326
8484772083027
8484976124564
8484966896393
8484984425891
8484945821680
8484945377144
8484975313249
8484798355373
8484976465547
8484987488332
8484972517067
8484936436768
8484933633678
8484363583240
8484978058123
8484987358490
8484982156814
8484906721039
8484942958809
8484911423009
8484907531989
8484347049386
8484388802471
8484794284979
8484909224128
8484914981447
8484966435870
8484986895245
8484868004555
8484357639996
8484931952599
8484941090648
8484908402749
8484336846714
8484908292192
8484909206146
8484357257380
8484974029462
8484978899372
8484859967486
8484911066886
8484765778339
8484939229236
8484375636939
8484359442139
8484869635203
8484909206423
8484898239065
8484979557497
8484975206552
8484366398438
8484962381589
8484793121510
8484971368166
8484965495589
8484942571369
8484765294922
8484365220856
8484906868899
8484933916297
8484364274748
8484962879029
8484924634156
8484799612895
8484925223886
8484971969857
8484792391869
8484964811983
8484938872994
8484975475088
8484866816750
8484854811065
8484908383752
8484962030658
8484354344668
8484945292659
8484335771959
8484829345545
8484933187097
8484932811866
8484986799686
8484979717148
8484347150864
8484925645925
8484774004572
8484965531945
8484987417798
8484943379900
8484827517899
8484389522357
8484375897038
8484971404191
8484774653496
8484988816062
8484823133411
8484931636996
8484363450364
8484962096235
8484847269949
8484933863574
8484775577538
8484944775548
8484962159811
8484377749949
8484395220762
8484919040317
8484767663915
8484349521927
8484707070889
8484903744018
8484842818828
8484982274767
8484368105650
8484346722865
8484975948955
8484972176168
8484354858798
8484929276543
8484907417205
8484965159151
8484813130097
8484989915852
8484986606597
8484901044180
8484949769604
8484931601989
8484967244039
8484985779386
8484988458119
8484979589237
8484981826195
8484907322292
8484399020499
8484974538228
8484932786950
8484987280588
8484395269312
8484764757839
8484822944706
8484393420545
8484964659471
8484397638898
8484397785196
8484858588897
8484979745394
8484397772585
8484909968665
8484988079696
8484936024234
8484935699909
8484865978798
8484984152690
8484909777126
8484986043515
8484903761726
8484845846842
8484397192978
8484705850333
8484932446736
8484974378999
8484983865890
8484973068998
8484969355883
8484976476187
8484917763031
8484985626486
8484966611799
8484784136864
8484907183347
8484845677897
8484938667881
8484977530814
8484962808728
8484326159006
8484934198401
8484989377962
8484796833873
8484946261996
8484389713184
8484962135577
8484328781218
8484854976458
8484397705076
8484962151683
8484349552683
8484961114341
8484901139829
8484969405986
8484384636093
8484866861460
8484962381152
8484909757813
8484396452617
8484967091869
8484396933634
8484328806097
8484906768915
8484981971259
8484917404464
8484389386820
8484964416434
8484977196115
8484971552892
8484974083063
8484937547973
8484986789452
8484977823748
8484909876780
8484798223111
8484396636378
8484901748075
8484987688166
8484976213161
8484919768360
8484975558668
8484937192685
8484973014106
8484865098419
8484376104858
8484985606518
8484705270252
8484962134708
8484387767764
8484339071767
8484968833003
8484795496477
8484983550875
8484375610877
8484794301095
8484968838020
8484943116606
8484904904203
8484943653874
8484372378974
8484921086482
8484917727191
8484866066700
8484907977970
8484775307099
8484939229555
8484966938377
8484988741990
8484398100939
8484974334717
8484904437866
8484383876691
8484933761551
8484908675726
8484797725389
8484972879177
8484365471436
8484896574321
8484934532161
8484335960333
8484985456880
8484933336223
8484979674089
8484862782622
8484947414147
8484385358160
8484347819200
8484933922019
8484979460829
8484902138196
8484989344874
8484935028422
8484902112922
8484945935528
8484988302077
8484984364384
8484941973312
8484868680365
8484966367943
8484984047628
8484358879312
8484337124686
8484828398910
8484704771196
8484776707243
8484382309209
8484979154108
8484908520767
8484349572852
8484968792504
8484399900474
8484942202048
8484383976736
8484945292030
8484978013932
8484914272727
8484905067282
8484987405780
8484981067652
8484941226568
8484348961280
8484933723777
8484973591766
8484356304475
8484902702720
8484931391406
8484792963369
8484384426184
8484907137898
8484986094960
8484837326686
8484989037121
8484384722538
8484905886553
8484387086602
8484366837688
8484356484734
8484866164812
8484838539570
8484983848910
8484974639912
8484353238589
8484379849999
8484865673577
8484966685585
8484386402936
8484986471445
8484353749039
8484971405848
8484886528942
8484962966990
8484924087186
8484938080698
8484935443893
8484908535451
8484904274786
8484349902030
8484789035362
8484981682681
8484907810446
8484907855104
8484932282623
8484984083533
8484904522993
8484919391060
8484907633719
8484905781871
8484878486200
8484368918911
8484943636769
8484912412376
8484966665049
8484919991080
8484364124134
8484984204052
8484937335644
8484944438601
8484868432148
8484943095655
8484904239028
8484983345934
8484919665152
8484934209111
8484964409332
8484941464746
8484769882538
8484949307847
8484888393286
8484908114171
8484879393747
8484325449395
8484352644645
8484976572565
8484378890918
8484961936810
8484985969187
8484965986975
8484889433014
8484968308198
8484349044804
8484932628388
8484913842248
8484379314758
8484901480197
8484384289860
8484986155620
8484373463983
8484778546168
8484985495695
8484971130068
8484913043227
8484702684430
8484908831713
8484888158525
8484967912823
8484342098533
8484979423733
8484362786027
8484376055941
8484944345437
8484362386852
8484365744888
8484941718354
8484942456878
8484767544985
8484369714494
8484917989992
8484865537636
8484965554619
8484988368807
8484332813409
8484939927555
8484366170321
8484329850772
8484862033421
8484937078527
8484989427435
8484964631828
8484389496590
8484378678577
8484971447647
8484987798143
8484774809197
8484933958917
8484337959295
8484933424444
8484972559154
8484852542575
8484933347348
8484978082666
8484813074919
8484979670711
8484347690639
8484869615503
8484948703993
8484377235662
8484973813573
8484972561089
8484976840326
8484962695740
8484388140745
8484368776249
8484977989842
8484392925186
8484906697978
8484333805185
8484933214495
8484917373404
8484919633556
8484326927272
8484865663935
8484329016631
8484963422817
8484833552579
8484384087222
8484932131462
8484902414225
8484915306597
8484375125838
8484962456931
8484359272007
8484964439443
8484943793003
8484983458397
8484393883484
8484352277657
8484974980767
8484774326894
8484395786866
8484986683123
8484904512676
8484983484611
8484379646433
8484369769521
8484707855349
8484375413524
8484968384565
8484908712023
8484977852502
8484975003081
8484383974014
8484398608214
8484933314032
8484848100114
8484393002627
8484974667724
8484962764815
8484342764982
8484394338981
8484707282407
8484966293018
8484981401146
8484985152493
8484865486764
8484399841736
8484392423352
8484915139773
8484792090999
8484865983591
8484586301486
8484983917275
8484327196279
8484929637640
8484907165265
8484796780585
8484827777793
8484981534696
8484904841663
8484767393662
8484976510502
8484969842439
8484936453318
8484986687091
8484966223787
8484909256085
8484889996633
8484938091744
8484344616646
8484326688100
8484941878562
8484906783726
8484378849659
8484919578384
8484932039910
8484986729394
8484348612123
8484822393336
8484914357786
8484984512807
8484339035342
8484855713979
8484794317525
8484838227661
8484943602711
8484975533544
8484984020794
8484985646208
8484976250994
8484976451441
8484978138996
8484908879410
8484888456752
8484964510314
8484397751870
8484934592925
8484974896880
8484901490147
8484949054435
8484974155289
8484946521866
8484964680426
8484933099138
8484868561661
8484931956703
8484935971782
8484913880801
8484389548098
8484963759777
8484933958997
8484912638194
8484936438892
8484947808576
8484978916404
8484376877596
8484978094213
8484974949555
8484903702893
8484354713488
8484938322859
8484378595121
8484973208271
8484938436365
8484907880432
8484974291432
8484975477597
8484358579708
8484962783255
8484364067839
8484988718366
8484981344781
8484835914309
8484398909889
8484931631638
8484926679092
8484909271095
8484917786017
8484904348989
8484917166639
8484384557137
8484919621629
8484912151479
8484364250084
8484907128901
8484772012302
8484906026338
8484976808333
8484984437662
8484965476886
8484967731730
8484984867894
8484903323172
8484937963958
8484963476756
8484705061020
8484336755644
8484779088098
8484965381836
8484368920029
8484868618934
8484394704546
8484944947078
8484982756430
8484988188578
8484392647441
8484981667236
8484988786983
8484915517993
8484975045433
8484357620909
8484812012794
8484979357260
8484962349780
8484981068220
8484332372564
8484362796447
8484944702527
8484962922267
8484337086282
8484363022528
8484915868494
8484387856891
8484989966330
8484972101313
8484912233510
8484703584359
8484915557205
8484784366644
8484389007975
8484392720653
8484978139152
8484354067811
8484912682393
8484977973789
8484988057392
8484981457529
8484903965645
8484967501556
8484868755778
8484984014635
8484367145924
8484988727172
8484962656466
8484357336234
8484337785092
8484384389475
8484932957957
8484917868945
8484337158568
8484765364374
8484984099199
8484985970530
8484941226127
8484968345869
8484901988553
8484812709968
8484976327327
8484392200467
8484375322999
8484906912301
8484946556490
8484946588564
8484378435655
8484976024792
8484986442106
8484913933377
8484343153319
8484949080849
8484349704371
8484977614408
8484902800757
8484888574666
8484939382336
8484969444230
8484339130129
8484944173978
8484369001758
8484969070247
8484363843471
8484392034922
8484914762323
8484941272749
8484365918656
8484971717991
8484983013622
8484906304578
8484394670928
8484383773496
8484914530610
8484399866018
8484963835200
8484382042621
8484325448522
8484979593313
8484973945321
8484787711005
8484936391823
8484979908198
8484987625178
8484921806701
8484796646802
8484913307540
8484934928959
8484908851266
8484366104055
8484348851805
8484984196010
8484939813655
8484336485755
8484961679571
8484938003979
8484975956276
8484794521263
8484933182478
8484971975718
8484949773773
8484367982036
8484942074726
8484983933368
8484916316666
8484963290322
8484386576791
8484369227545
8484919922938
8484356782092
8484937652507
8484987469393
8484342047428
8484972779965
8484974149418
8484389300179
8484379921294
8484967438302
8484904125588
8484793193689
8484912116344
8484972163230
8484907248046
8484967802872
8484906656851
8484933710089
8484916766687
8484975304074
8484375929036
8484382673093
8484987044884
8484827172576
8484377110509
8484971687169
8484829306363
8484978586707
8484372224106
8484327927838
8484913886622
8484835616678
8484869649690
8484937019012
8484964662218
8484336733835
8484368741992
8484783218167
8484704628119
8484915202452
8484961577436
8484786667689
8484385517748
8484392512359
8484355759044
8484704544555
8484983857522
8484972302377
8484377550181
8484373210803
8484382822374
8484901394898
8484963028686
8484985771372
8484345660210
8484965883283
8484936516738
8484912309663
8484909360139
8484961206606
8484963002910
8484767004819
8484908705754
8484968979138
8484934483769
8484334916917
8484338456965
8484766771819
8484378868843
8484979023268
8484377874467
8484962079089
8484768835633
8484399992200
8484865056294
8484984112862
8484368654816
8484332625336
8484937791608
8484703394993
8484973939945
8484941980755
8484925999880
8484931473335
8484909344827
8484364258682
8484961202207
8484357842816
8484976735862
8484982215763
8484976761871
8484923096109
8484888534561
8484775854148
8484792291930
8484396879242
8484911691802
8484968577697
8484705265590
8484865926195
8484964862814
8484963355931
8484941263008
8484799773337
8484909488739
8484932526262
8484939544442
8484963643182
8484975473575
8484338728740
8484935852217
8484347888250
8484905963708
8484877095446
8484332340938
8484877787345
8484919388693
8484937445645
8484982973864
8484989585680
8484332909339
8484906150142
8484988182125
8484962577132
8484933449773
8484931233853
8484793060279
8484982143982
8484339111235
8484982024585
8484986041579
8484964588652
8484935260609
8484395163092
8484363181958
8484899333737
8484766343736
8484989659104
8484966165082
8484942942992
8484989627727
8484799753109
8484392021810
8484985693532
8484912229468
8484975201121
8484931553516
8484362466654
8484833371168
8484852079679
8484971158580
8484344159191
8484396252392
8484966402229
8484355589496
8484337827063
8484904203693
8484941942497
8484913870011
8484793873499
8484814645309
8484766882821
8484933928939
8484938252843
8484773341596
8484939900546
8484396276136
8484869766794
8484362926294
8484949304838
8484977616225
8484962613862
8484788839984
8484938811728
8484329190447
8484933577966
8484936009876
8484869338452
8484978607225
8484964434448
8484326066023
8484369295456
8484335021425
8484975881180
8484965978712
8484944213666
8484704888988
8484326651643
8484702012468
8484833410639
8484968144174
8484941617349
8484845117770
8484966567691
8484348080425
8484345612586
8484976665442
8484843484548
8484933382879
8484986453519
8484824433823
8484908850677
8484379831819
8484352205144
8484374763833
8484974013395
8484915663188
8484949844833
8484905199081
8484933313312
8484976523169
8484787497852
8484965726229
8484909493979
8484335522114
8484902200665
8484901940815
8484334824330
8484906414408
8484799579936
8484961410706
8484345529296
8484975875983
8484364888284
8484906883402
8484384222217
8484966857956
8484968967093
8484907955974
8484964232230
8484356646052
8484988642264
8484862093467
8484984719411
8484368173694
8484397897151
8484356004715
8484985946150
8484932477897
8484971797955
8484868324268
8484983887057
8484942929129
8484946471989
8484968809090
8484354286228
8484981707868
8484988696212
8484971128640
8484835963545
8484942294946
8484949582095
8484939372723
8484987740846
8484846678136
8484792775058
8484988273618
8484358923027
8484358448448
8484968587172
8484946471677
8484948798457