5598985146696
5541996771388
5569993123763
5589981081943
5592982329986
5544997552553
5565999353543
5565993003225
5551993421351
5521979882546
5579996365494
5562999577971
5511916084967
5596991088244
5564996522482
5584999685633
5593991834432
5569992928130
5598985938371
5528999499974
5586999914071
5575991886693
5586981190535
5561991621633
5585996529250
5587999664556
5584988743919
5517996679284
5522988721582
5561984445342
5598996219238
5591984846176
5591981335678
5566984369688
5581984079242
5592992662016
5583987813362
5585997494280
5563991167463
5562996135383
5579998793238
5564999759778
5521967169078
5588992674108
5591981820069
5599984355370
5581999996564
5573991422848
5519993896553
5534991558009
5593988070765
5598985362167
5566992509116
5571982387941
5563991066858
5561993286877
5592984388737
5522998202957
5562993732684
5583999574698
5584997011711
5547992385448
5561998793968
5527995050356
5547996410443
5565992259726
5535910182468
5562984429597
5562994917688
5514996558252
5588999835292
5537999876894
5583998842154
5512997974472
5565984194529
5521969291855
5599981771688
5585998050417
5538999681506
5568992298396
5562999474506
5564992361122
5514998560615
5598987283966
5565992114898
5565996432083
5599991160182
5563991290469
5547988040692
5569992420365
5548996204546
5511967349644
5563991263347
5565999084922
5575988661241
5533984160312
5591992747162
5568996129835
5565992104312
5587981727190
5564984098388
5566984194155
5586994339652
5591984419873
5562995764321
5534997267277
5581971196924
5562982778388
5563992226592
5568992146144
5551998479892
5598999613154
5562994258636
5589999394911
5585994112359
5598984511706
5562981102090
5563992534838
5516992832102
5551981360032
5551992131057
5585987687190
5599991793497
5585974012830
5515996138214
5511963501885
5563991148561
5598987041096
5514991287567
5591985232677
5541997044714
5545991052817
5517997635192
5575988057080
5579996123830
5516994440640
5522997721054
5581994384639
5587988088216
5584981203389
5531999632976
5561995896775
5573999876543
5583996769023
5511973913701
5595991667100
5593991202569
5589994228473
5512992358958
5516997182275
5599992157513
5532998553027
5512992304814
5586981908628
5565981113728
5512992268022
5551980578210
5592993816742
5531997169855
5551989085878
5544998166014
5566999312093
5521969434932
5544997633180
5561981366643
5562991158099
5582993448141
5591985116087
5522998694165
5583987725197
5534991945091
5563992735211
5563992854058
5581992406623
5527998307665
5565992031192
5571992558938
5532984630963
5583986303033
5569992846603
5562992235296
5562993698704
5585989007823
5599982577229
5566992058737
5586999430602
5568992261405
5571996059019
5584996878265
5563992592402
5594992769782
5586999885885
5593991268026
5527998751593
5584981156739
5591984033764
5521969333567
5548999244597
5561985863503
5582991743022
5583999123329
5565992412469
5589994586806
5571986935302
5581991572155
5584988156326
5598984373374
5553981239829
5542999504713
5511978211482
5511912483010
5599984521248
5591987053390
5592984197483
5567992496417
5511959217226
5516997156326
5571992047909
5594984516127
5562993055658
5568984267308
5567996891389
5565993402465
5565992331599
5521977836556
5541995702863
5568999731605
5582988287229
5588988469265
5565996034398
5566999991158
5598985886890
5519984402774
5566996727361
5568999030826
5585991639551
5547988636990
5598984004694
5561993646715
5583988739801
5591984796119
5594992602076
5511981547244
5511977168127
5591983808989
5574998031950
5588994109197
5543984850046
5599985472631
5582991241804
5599982765681
5591984059766
5521992629325
5551980137055
5513974100922
5514996145148
5516988126875
5584999553428
5579988783120
5562981895593
5591993332232
5583986236626
5598988325853
5573999101037
5581971145125
5562996760252
5586995357618
5591985140170
5599984846373
5577999050273
5511976264092
5583988004339
5588997268525
5527999015547
5551992554112
5561995213171
5591982676884
5583999708059
5511934496658
5584991594228
5585994032158
5538997269548
5585987346214
5519981695615
5587981130994
5586995091392
5534998318382
5533999740104
5531993235837
5513981681239
5591993013481
5562992100332
5544999035116
5569992119678
5586995070657
5594992318375
5565996955546
5588994053444
5517996691031
5544997515005
5583981325394
5577988364340
5583996400775
5544999523973
5598987326363
5577988085010
5592993020270
5585989588330
5571982614642
5551995813486
5591998110301
5591993903134
5563992141325
5588994543255
5515988306476
5513996956828
5522997943377
5585999910858
5561996797660
5574999260761
5583987326625
5563991384761
5582988176633
5541984966061
5571999179106
5588988174145
5563991184118
5563992323235
5514981239427
5566992115866
5511950406071
5515988040460
5583981197485
5582991263417
5565999264565
5591986073390
5591984188989
5599996444150
5589999810883
5588996982572
5569992788012
5571981291311
5598988683269
5511995791354
5591992040244
5544998076648
5594981523487
5591986201653
5591989542463
5551982796879
5511980493588
5521998431942
5575988182247
5547984887318
5571982310220
5511991696818
5591989604395
5569992793814
5514997882008
5598983557102
5547999233609
5521970724731
5546999368074
5521974045012
5511952976202
5541987183571
5565981113820
5594992703431
5591982824556
5574991917559
5551982988820
5562993100701
5594984437158
5551990171592
5595984024404
5586994299844
5574991069653
5514998386334
5561991199635
5592985859076
5575988275180
5562991475214
5538999932566
5591985350174
5569999213790
5511973991302
5541988435044
5565993440079
5569981322919
5586995244123
5588982152648
5561991641613
5586994949752
5599988106043
5598996119113
5565992572400
5563992902989
5534991590195
5588993240907
5561996571068
5573999899144
5549988403325
5594991547292
5566999853716
5583986627622
5591986120756
5521965623273
5598981582104
5522999129346
5586999346878
5592981297405
5513996851420
5598985933348
5541984637221
5511942424547
5591993218789
5543999838364
5573998373194
5591985943718
5567984750657
5538984137035
5575982299612
5563992740164
5543996107200
5598984461853
5583993925465
5579996612077
5512988442110
5522999792061
5512997587901
5515991715402
5569993348776
5588996069628
5565992708240
5566996270198
5581997256274
5545998454768
5589981262628
5541995028270
5581988270625
5511916130618
5599984954963
5565999579196
5568999420962
5521965072078
5551993860009
5585986533606
5548996883988
5582994096242
5563992803278
5582998125252
5594992341157
5541997247359
5563999916602
5515998554269
5565996185934
5598981383813
5534999066142
5511978041234
5588997044812
5592994067160
5548996515835
5548984276085
5582988568628
5561995479245
5562993148275
5574988361266
5583987707166
5575999589574
5591982354755
5575997164832
5563985134920
5585992173953
5527998130796
5563991118833
5516988714183
5592991449685
5565996113180
5583981075921
5599984649254
5581992455605
5575982961402
5513988287297
5565984747215
5548996483980
5566996510322
5562985668528
5512981692755
5562985513352
5563992522874
5542999366966
5512981556681
5591984642151
5592994885763
5516997038510
5561993775050
5518991977186
5511962065591
5585989520027
5561995226703
5588996476032
5594991705625
5569992024312
5562999471939
5565992878833
5598992149553
5565984656026
5573982307420
5585981118113
5565996773887
5565992878446
5519992872917
5594992692215
5568999941179
5562991650630
5522988341899
5551995215510
5569996024457
5565999759778
5565999130833
5575982147530
5594991542714
5511943125916
5533999312063
5584988073669
5563984877014
5516996180676
5568999881324
5567993467327
5589981151734
5544998680313
5516993008544
5594992606196
5584996832214
5511952226094
5513991429761
5593991565092
5527999531432
5565998058324
5591993047187
5511958464535
5532999523346
5511948482096
5569992588903
5591993167648
5565993069527
5583919191919
5566984083352
5586988620381
5587998180019
5586994143915
5516991788106
5593992215771
5534988500358
5591984202590
5515996649088
5563992552506
5512997734167
5585991716838
5512996544286
5565996346449
5599992300930
5582988416241
5594992987180
5585996145143
5541992327037
5598981681931
5598984867610
5579998368397
5598985348356
5591983269485
5563981477556
5565996067799
5594988115698
5574988484914
5511948450509
5589994238305
5569993611198
5581986219735
5563992615168
5593991125554
5519996511983
5511911345146
5586995024186
5554991814954
5541996660559
5511978048200
5565996070546
5592996310454
5593991148669
5551980109555
5522998513117
5519999314707
5543920006398
5551997418030
5511986047974
5585991998841
5561991832912
5561998362626
5511958014090
5565992389639
5594981370156
5584994143974
5511985180432
5566992343338
5575997079704
5598984572419
5582981711962
5563984397907
5588996946261
5582994352252
5592985589686
5563992756473
5568992205881
5531991785862
5584991312944
5591982783311
5592992361513
5598984385021
5565996249016
5531991153337
5568992372647
5565999058563
5522999364347
5598984019826
5516993989308
5585981043133
5547989178776
5513997369801
5598984522682
5511985577775
5598984984191
5595991148320
5538991811685
5583987472409
5591981350107
5561996332301
5585997260712
5575991175636
5584994575403
5521990343030
5516992124713
5561993674901
5594981255488
5512997135725
5594992551931
5598984612103
5588981469068
5585996497027
5511917407412
5592985925246
5569992792704
5562985757713
5587981116868
5591986217906
5543988670244
5565992402477
5593991096404
5564992371668
5577988737284
5592992089002
5521970141318
5599988464271
5582988184262
5527996541036
5568999061800
5562996480660
5599992066423
5592982370855
5565993526030
5518997379195
5583996089100
5582996349847
5567991450633
5591992674673
5588992533359
5585992404957
5535997455063
5514997442729
5561994162060
5511970993128
5583988994782
5599981349735
5516999625277
5567981450535
5566999017085
5514999020668
5551983416070
5511941000687
5524993158483
5513981243568
5598984295106
5521997328720
5565992940633
5597984499294
5598984467381
5598984328551
5563984945292
5541998179822
5592984154290
5527998647566
5581991931980
5598991370520
5565992680016
5586981322013
5535997408588
5586995708310
5598984947237
5554991679993
5568992258797
5567998480511
5547997533931
5563992979590
5541988483062
5562985342307
5569993045808
5588998198474
5567992263392
5575998079811
5567998962980
5547991535460
5598985132822
5591989924993
5595991118308
5566996961747
5583988073186
5514996288811
5541997548149
5531990603438
5531991055878
5521979970491
5592992473032
5551992535219
5561992402893
5551998366423
5562995247329
5591984113657
5586999434005
5565993546909
5563984115058
5518991307851
5573982464072
5567998545465
5519992029629
5516992273459
5573998676088
5591982313055
5598988766474
5511953081704
5561992472309
5544988588350
5567996627681
5518997690103
5569992258728
5598992363391
5518997328670
5531971765419
5566999829704
5586988762081
5575981183139
5594992828977
5518997395316
5583988804597
5562994775156
5585999055810
5563992752158
5565996227676
5516981710670
5583993913787
5581988265021
5551995064096
5565992621514
5563992986748
5575991693203
5582988844174
5584988946200
5521979641194
5591982092551
5565984128736
5568999788297
5542984051838
5573999580242
5582996412675
5511970695569
5569993825464
5551981893900
5565996496969
5575983059074
5586988612555
5567993485537
5588981639115
5563984256115
5516991099963
5586995420216
5527997088201
5568999599010
5521970087709
5566992112645
5562996680043
5599991393955
5581996523388
5577998049604
5541996275928
5587981736115
5514996464069
5551995329879
5592991819222
5565981620400
5584981523479
5591992114757
5588994014651
5585987122889
5511992381244
5569992520144
5542998418183
5565999727088
5524993278343
5591984342610
5563992367384
5585987467160
5586995303124
5569993222908
5511983002926
5591991523151
5583998674033
5586988212597
5573999506414
5562984916341
5537998327003
5591988075963
5547992929389
5586995560289
5551980646136
5562991333709
5551994316156
5535998472317
5586994941795
5551999429034
5521973098389
5565998039409
5582981428719
5583998583935
5569992889787
5593992380142
5562996034708
5591993197837
5562996480793
5564996179950
5534988786040
5563981203837
5521967116078
5562993942182
5598981328763
5511986389399
5582993312231
5569981337165
5574999464075
5595984148386
5575991659298
5598985257107
5548991778570
5565992464894
5571981257881
5598981155235
5527998353101
5598985630010
5595981176588
5522981333696
5589981224980
5563992685172
5511972597693
5565992015973
5562982117317
5565993001596
5599984320018
5566992377915
5521980047439
5521993157416
5566984403006
5591985153758
5562983427843
5571988156980
5563992346849
5574988737098
5579998205892
5519995787296
5591985436038
5591991203856
5563992010054
5599988347542
5534996587540
5518981140625
5567984683079
5531989369316
5527988382067
5573998517166
5573999121301
5511981122808
5591983310502
5563992689347
5519989745352
5588981403395
5551985696709
5521965704928
5511974987262
5543998187843
5514996284615
5538988566377
5565992327142
5544997609117
5589981207262
5598970219274
5591980134460
5527998341101
5511911429955
5568999735121
5593991836149
5562984238446
5561985444466
5599985243948
5538999695665
5588981872405
5585992108442
5588994970143
5598986075395
5527996961150
5565992987817
5586988976226
5592985910322
5571987521873
5565993214393
5594981129812
5561995623227
5545988347790
5564992287010
5538998484493
5533991164179
5562994140347
5591989338533
5551999148445
5565993256651
5598982222562
5582999483401
5568984113095
5516993221025
5551985141019
5518996514885
5551991944195
5591980611113
5562994881900
5565996450075
5517981503745
5562984476732
5511943901492
5517996326629
5599985321157
5593992011393
5541995766461
5519986091090
5569993024725
5512996290087
5598987562631
5521976045985
5565992846318
5563991106267
5565992785022
5563991313639
5512974025291
5563992763235
5521960161634
5591991241663
5527998922615
5511984748626
5538991345652
5516994376676
5566996102268
5585998366510
5591984679282
5511948919697
5512982036752
5599985412308
5563992819931
5589994258027
5563984850248
5562999996668
5518991348832
5551996594662
5561998079227
5598981931188
5594991267649
5561998591669
5528992734189
5531985205580
5563991104350
5543998185096
5583996965654
5583993520510
5587991453564
5551995371441
5591984870750