523314497909
524711010712
528211599320
522213518320
522411715984
528719666598
528714340937
526611945353
523317155695
528115532747
529112648761
525512298393
522213326060
523310413271
529515091672
528715625420
523314467150
527713631556
525618587715
526311919835
522211134628
528714106460
525618998651
523314189552
528115561474
529513307623
523319135371
524611344730
525512235269
523411566913
525511225067
525510641148
528713867948
529211455884
527711638839
526311571175
529611116133
523314211151
528714996554
527713659791
522214312942
528714713155
529911163687
523411055566
523317803886
525519524235
528312416558
528112805570
522712574911
523111599336
528116280521
523312487488
525614051096
525211444774
524613432687
526711123950
528110233603
527713641691
522212181832
528611335797
523319780883
525615186603
522211858936
522214385577
525611426442
526318863214
529613159442
529711147766
528115398704
522215925216
523215949848
523312420333
527715553559
528112658154
526315561219
525619858982
525513762873
522214354462
523317587587
529518048583
525519370848
525614103297
526611400138
529514400820
523311573816
529515059898
523513502233
523412060211
526613252180
528715563733
522311563217
523418863083
523414201379
525619502910
527712075105
529711213733
522212808191
525213497875
522217130494
523313196775
523317111355
529711039650
528713341715
523311503203
528116062235
529211131588
528117794293
523411606184
528715077890
528114849381
529712925602
528116799646
529611200812
523411021665
528714631666
527711737507
525615889565
524411333227
527713067320
523311598011
525611822847
526611353303
528713997094
525616634488
527711146832
525519563042
522412238243
523311410459
523314230910
529212561063
523318761898
525611211315
525511502830
523115120575
523311326943
529712627471
528110034457
523411363907
528716107126
523315175146
523311942282
529211245739
529511025497
523312653998
525513598329
523314410800
523319965023
523316806786
529811872015
523315287212
528115148767
528116331756
523318802610
528111790534
529613266090
529613470654
523312838373
522212469564
523411163282
528611315584
525613137444
524811018853
528711568208
523311565959
523312197433
525512295457
525619026795
526319991711
528712215971
525612880032
529211094180
522712394538
526311982316
529517413095
529612452584
524411124926
523316494040
529911067489
525511522794
528616744988
523318843707
528712502739
526311804053
522217672952
523318396429
528616104559
528110181289
524612921354
523316494542
529711086951
526312980015
524613862895
529512142913
523315194696
528111903050
525513245192
528112527411
523512342165
528110062646
522714027279
525616116847
526313577278
528718467918
523312542575
528616155781
525619986803
528116798296
528311180893
525618606568
525510490000
523312164642
523312454551
524411380119
523911257908
528714394184
526611727766
528118533277
528118530831
525513699582
526411028985
527712208807
529211401859
525513079231
526311780584
526611194517
528712311707
526611953257
523211139973
528117901482
529211846171
523113172640
523319147704
522711370075
528717950216
528115241458
528714148031
525211487876
524614237949
529614069400
525213164487
525514777087
527512154521
523112704030
523113756494
528116867936
523317053286
528116073998
523319427649
523311517790
525615000110
525612591580
522218237689
524311002320
528714426140
528110813920
522211078403
523318297588
523112028376
528115435702
527713716157
526711255268
525519331797
525518398326
525513382619
526711254474
526717661280
523511038814
526711309751
528711498878
526711186754
526717641972
528712082528
528718865313
526716892020
523314894527
528115137514
526711095353
526711253549
526711305057
523316691821
527711091516
526711088108
523310263919
523411350584
526711101691
523311848625
528115265767
528110181997
529811751172
528112254426
523511570765
525513990886
523317495153
527711060209
528119902912
526311103614
528110104344
523113381362
526611138682
528115309668
528711139746
523314090119
523311848444
528117474635
525514372670
526311641864
526611033527
528716132762
522213552161
528116811585
525612978830
528111540906
528311763949
525612919680
525617380524
522218873551
522411212227
528111302197
528116871028
524612312242
523312324717
523313657688
528116597353
527711820026
529515674766
523315838579
527811109590
529812037468
525514228372
523411506790
523317237747
522212691220
523411111987
523312920504
529517893833
529512544373
522216675743
523312898640
522712649713
528713303142
523314874752
529514566078
525516487477
525516881121
528113285511
528717102977
528712835356
528715019721
523515005046
523511398995
528119900434
529611035569
525516503096
528118684330
529615910530
525612858902
523319173385
524411312591
529516377683
529514141508
529711045768
523112681324
525513040587
522211410752
528115721911
528311575766
523310966826
525614493608
526511018892
528110260811
523412178958
522212526270
529511896472
525519047118
529613002013
523411176917
529613082830
523314427407
529511933092
524612668063
528713289858
527712391434
523517470764
522214065985
522711652961
529611262136
528714121096
527712058929
526311119443
523411688829
525617877192
529612749235
522215680919
523312619656
529514228056
522217090460
529612592046
528719766140
525613353629
526312495848
525514353908
525612694245
525613486596
529613343037
523112400532
523111575736
524611155700
523414395699
523513067515
522218663971
526611380903
523311051111
524615462072
525618516815
525614506506
523111574830
522414148292
525616975334
525517674454
522214236354
529612728499
529611650915
523413062683
526311827386
525511820824
528715115815
522214126755
523412399795
525611270635
527714265168
526711079084
524412034804
528111029224
527711881168
529612530303
529617740203
527716289995
522212174813
528113757564
529211421825
525511774420
528318982473
523316806304
526311351081
523515489767
525519061460
523111464128
523311302764
523312866241
523112602602
529618542960
523111210233
524611364921
529211498337
525514201666
528411271349
523111211010
528110279033
528110486010
529618071829
523312542592
523111211011
523111210236
526613331329
528712571922
528116245155
525611339278
529512270461
523112602601
525513947523
523111279948
528717090663
522215915507
527711467212
525616959486
528717827865
529512904298
529613672728
528611040093
528712343018
524411190955
528115540140
522214281790
524612392161
522311051732
526611475113
523113961898
524611894561
524211170010
529212748487
523312608122
527713260594
529614601134
528712603622
528713926830
522216524933
524613416370
525514608003
522411173152
529713369909
522218232480
525619829380
529617671675
529211352680
521116558080
523315377282
522414209646
529512202137
528111935354
523312799148
528616153873
525619329649
529211054568
523318543418
523315702269
524615335555
528211023701
528118250319
528112275022
523312168937
529712200314
523315853339
529514982266
522411581285
523411348532
526611117244
529619226287
523311862184
527713408958
528711776567
523317484697
529211341911
526413240576
525618592191
529511973207
523911036858
525614160532
524811205988
522213270794
523511932574
522219464072
523313211092
522211052814
522214413391
529712644844
527711130457
523310968649
529617654430
523319417839
523311292337
525512801149
526311973651
529515860700
523313190000
529613184501
529711451636
523312082531
528112616963
522212836452
528715120281
527713481636
528118406798
523112415671
523319701386
525618582166
525618946303
527712755136
529517021227
525611553239
523311394531
522315698741
528112364336
529811313054
528118260713
523313887809
523319641232
525616189684
526311156543
525619851095
524412482929
528118212446
524411099201
528616193581
525511781572
526919851394
529611957487
522411129076
523313209959
529616918916
529518052853
528211593074
528711007659
525511423994
525519046952
526413229139
526311004703
527718923046
528714815388
523118909326
527717294595
528112796420
528715125446
529713509353
522214259484
528714637995
528411110607
522216617185
528911107016
528713771053
522311114408
529615109982
525611221582
528714711598
528118202068
523319642242
528113499586
526611081653
528211460000
528114096211
528115423166
528211419149
528712110097
525518652038
528712367281
528712518531
528211522852
529811144254
529514537426
528115488273
529514908892
523513731668
528117864438
523315235020
523514010505
523412179759
528110095417
529613222406
522219851128
523316497655
523315487565
528611606860
526311349421
525518654362
524411142558
523316696933
527712162527
523211236545
526612953814
525512421286
522717105313
523312976587
528116155193
526311651352
522411373092
528110432338
528110343326
522215172322
522214358856
523318867219
526611111794
528118582291
528711093817
522216591938
529214980625
526311938227
523317658803
528110759280
529611816051
529515044175
529711318065
526611233222
523112308910
522713164327
528115147855
525514070875
522212529779
529711586429
528118523792
528714844031
528119440427
525611824976
523318207716
525614422914
522211029183
523314813199
529611914339
525619746860
529617125582
528116268683
523310878925
528114177491
529711072948
525611081481
523317233231
525617117610
529711440023
523411215258
529612726099
525614472836
526411053453
528712268583
528110131981
525516447786
529612705989
524612726635
529612441760
528711726709
523310721695
525611304374
529613609455
526311241739
526611255090
522411626159
523115439632
522219211946
523411396088
527911102281
528114790754
528119944102
527712282902
523113957032
523316361957
529616862364
522211051236
523319670231
522216639532
529912071557
522214143526
523111344300
525515318013
526611311101
528112892362
523114020022
528116954235
528711726085
523313537580
526311244952
525611422018
528713695271
528115548699
529717295929
528714389569
529612549791
528115018702
529212449581
525619825186
528117121349
528116218484
523111171372
529613302902
525611902569
528110626299
522212189023
528717872850
523317605631
528411271827
527411324282
525519754012
527713296713
524613296401
525615258751
525614274084
523318812552
528114969676
529612555976
522212527561
523511204824
522213466163
526311920867
528715165204
529211757413
525514984782
529514567877
528712802388
523313213464
523315008222
525515016752
528717890360
523311596464
523316942037
528110683463
528311135318
523111466981
529211325031
528117643817
529711600545
523311561049
528713836317
529811811139
523318468245
528714467418
529514743601
525517485264
528119564088
525516274026
523316070823
529213059817
527712752927
523310713495
528714129609
523313367815
523313726800
523312365421
525610147110
523112621257
523314750156
526311308230
528115273122
523314757870
523317507911
527411449380
523310885884
528713844939
528115685037
529512226270
522213866024
523319531900
528713600171
528114233698
523511479955
523111325096
528119970185
523513746612
523313056400
523313184949
528911133189
523314518618
523112599098
525616579534
528711042086
523111281225
528111787351
523314315324
522412408072
523411674268
523411238424
523318023820
528110184812
523311137832
523314234301
528115074086
522411221626
527411250033
522213618715
528717964755
527716815330
529614477871
525611402499
526313448739
523315164554
528714613236
523511840124
528115143285
526319994451
528110742410
524811175997
525615925970
529613510331
529611006499
522211114016
528712366150
527713215730
523411584077
525512886315
529711032522
525618066734
524615934024
523112620368
528115259281
524613281717
528611284486
529513576774
527717412926
522216501943
525518303611
522212160481
523114462119
525517033567
527711476143
528713423410
526611313475
529611784672
523516547895
528117868157
523310748102
522711833501
525514887898
529513430709
528711188194
526311641102
528111811781
528714187299
528113960914
522212653851
528717096149
523310065206
525613729278
524411269312
524611156259
528113300438
528715850641
524612543222
523513729869
522414108367
526611362743
529614478953
523318020320
525511094241
528713921007
523312647226
523411592378
528715853820
526311116365
523319510656
522711223111
523315262433
528117825383
523311769989
529515483132
528116522406
527811114563
523311021987
525611616382
528115177653
529516491589
529613628046
528211049129
528112099755
528715362812
528711371186
525411454121
528715800980
528112445178
528118795906
523313960746
528211922829
524613105061
525618472065
523311021988
525613474591
524811183922
523311657141
528114654287
526313034128
528114573329
527711280508
529611901049
523313677832
529614381541
529613279166
525511410713
525512567637
523316324826
522215338529
528211228150
525618726611
528311100047
523314105233
528114875123
528117871012
529811875991
523114130104
525517945478
524611059276
525514374709
525612004889
527713857806
527713937849
522214387552
525610987602
525618711502
523411117638
523312481850
523111472282
528110424471
524811166857
525512492731
528616197982
528115329925
528712315869
529817515817
522311175722
529618659832
525610092440
529811122289
523511604096
528110147804
528116567251
522217617191
523311550863
529618879707
524311443050
528715473399
527811104483
526711132709
524811261450
528118093685
528611605882
523310979366
525516489306
523111118036
522311579130
528117634143
525616562772
524411354707
528112123669
528115423943
522212602580
529611621437
523314569085
525611784839
523312927642
523111443097
522214397358
528113734993
528115786590
528117105046
524411523334
528715932877
529811000297
529618535767
523319045338
523313595685
523315694378
525612223600
525519290229
529513250394
529514266822
529612432792
522215271333
523314272591
523319519814
528110598526
529616606642
527411054732
526311918142
525615515746
528714994063
527411006783
528115892893
523312363936
522711003286
523315645373
528119852485
529616477919
528116521512
526311293633
528311101880
525619319893
528116343199
524611499554
529614252727
523515000361
528117636626
528714711474
527715460373
523310622361
522213985377
525619681775
529617002463
525518968082
522712439952
528112805922
529612548648
529811023520
528714515645
523317607409
526611365975
528115375939
523311478818
529514766136
523511584759
523310638466
528119159613
528715810648
524811474403
528911131316
526311015498
528116262382
528114657231
525612798104
523315448243
528112408235
528112673859
525612585800
526311349254
524615564331
529911085602
525516025735
523318338593
528116648756
529711152273
528711367195
523411569355
523316088466
528717549078
528115632818
528115267793
529613532856
522212703570
529713504070
522214447234
523310517846
529516063170
526311103260
527716761719
526312015317
523313237870
529611871674
523314014264
529616517552
523313309450
529711074461
525516796966
528713370924
528116810944
523312830119
529513145481
529613231441
523411141594
523317473338
524611167548
523317571378
522213799529
525614019816
528113880870
528712178302
523314179447
528311753297
523316232391
528118273636
527411245522
526311103985
523311128150
529611354659
525614257564
528611260998
525519003257
524612644192
529617745268
523318354066
525515023592
525619440179
529512187114
522215946978
523312454420
526313154887
524411355196
528713514325
523313980315
528111753299
528116614963
523312422165
525615495681
523319791460
528713772916
525614956349
528311262342
526316464658
524117626454
528715160960
528119560913
528713994876
527711128565
528117977754
524811460610
529513048690
528711276673
528719164480
529611811376
528118898983
523411498297
528116575341
528112637743
523411367197
528112891512
522311552280
528713483447
521513168090
526312479847
523118475240
525517765925
521513168091
528711646002
528117459264
525513809981
523312540012
522211641624
525617713147
529514250566
522513968015
524818828284
524814822960
522711282384
528112257142
529818182203
528116427885
523511845747
523318423403
523318039544
523314472855
527711900993
523319615253
529614389285
523317071585
523312454079
526311096473
522212431750
529513148948
528411092490
523310308670
529511726910
528116452723
522713836114
528116422873
523319431112
528117271028
524515485612
525518876665
529611771399
523111674976
529212556394
524411514234
523911256415
524111276116
523313084881
528712402081
523315733246
525514486345
523314992987
528711348407
522211583497
526312996548
528716099386
529613136712
527411102205
525610238237
525511099963
526311118539
528715801056
529515643395
528117324795
527711039174
523319251716
529617081272
525618375661
524411146260
524811124022
525618243111
529618419883
522213836599
523317684771
528717827876
528113980915
524613411120
523313142350
523316060099
529612514171
523315859460
528110672504
525613915617
528613555576
529913217453
523313614277
527717032237
529511149588
528719651783
526312221446
525517472607
527717416327
523011540860
526711128383
525618333905
523312085105
527711352286
523112466000
522411122959
528110374630
528719722732
525617683198
526311774488
524614009881
528311555057
524211171061
529515800103
528712411474
528110799195
523113747786
523314712697
529612631208
528711455848
529613763434
529811580047
522411587889
529711692853
525616337378
525611678231
526611313125
524611126156
522712144658
528116883189
523313102467
523515196312
523411170450
529211458957
522311286332
528713938839
528418414489
523310447529
528110826575
525512972506
523318441626
528110603758
523317241587
525615291074
523314537462
529612031369
529711183840
525517761756
523317198530
525619568840
529516570758
528111781041
523318900655
525617828821
525618044867
529913311234
527716915583
522211532677
528116404981
523511343537
528719644681
523315384048
523311398458
525517744586
528117855219
523311861116
525513759941
529815255742
522219379543
524811131160
524811561429
529513036277
528112757350
522713906365
528118161818
528111208853
522213942436
525519103168
525512203355
523311127185
522213836592
525518904319
529213030218
528211026734
529213057842
522414194398
525615800356
525511810963
525616439214
527711182445
523311459259
523310061511
528115044939
528715266070
528119452897
527411501659
528715976038
528714794638
523312887511
528117894716
529211275124
522213474140
525511587059
523319450344
523319558984
529512334216
522411085066
526311111371
525514658291
528715868299
523313965951
522212160644
528116259434
526312472089
528119396605
527713576576
528115294866
525612580966
529616927594
528119921051
523313304585
525619481563
528711238139
529619323554
523112913837
523315632780
524111622710
525610732600
528717271288
525516990625
523312437033
525514796395
524612242901
525611408686
524418443362
524616078166
528118690852
528714154788
523311945936
527716632588
527712427985
527911032458
523314590483
529513955048
523310097183
522713423162
522411312783
522215835639
523313996355
523311163885
529514013334
528117530779
525517049698
528116058140
528119991341
523310142221
525616949957
523312923122
529612759135
527712794749
524613789665
524811169893
528110043581
525513035567
523111419498
523310922809
523311696741
525516493585
522212307616
523511048119
524615509238
528117309219
522712094120
528611357675
523312629695
526319440660
523313637153
523315267299
524811395967
523411061624
524111330321
523319648942
525617117630
528110439218
525618330440
526313031651
523316720370
525511476688
523114435874
523317249178
528117877283
525610732296
529516435342
525519702340
528715160514
525611717665
523118900910
524811448004
529212602811
525611623469
523112505188
523115309071
525513976719
524811201321
525610042506
528112385457
523316953161
525519589454
528713817943
523312189494
528111061103
523311946133
523310829787
528115094338
525513171465
525511366460
528717479444
523317186220
528117469009
528115454720
528616177034
523114425014
525512104815
523317581074
528211261321
523511455981
529618105752
524615417598
528112510843
528714817797
523111904039
525614951140
528115634593
528116051089
525610678919
528110629056
529212974459
528110035437
528115247837
528118616609
528114335692
528115335409
529811379355
528418614266
523312237675
528116107107
523313676694
523511672623
529711430517
526611282660
529618017735
528113245804
525610341424
522212558845
523319059818
522712389889
526311980006
528715725298
528717723164
528115569761
529712873902
528112389753
525515863744
523111844306
523111499807
522212663755
522211190143
523319740848
529913343216
528110459988
522218424753
528119120330
528116615388
523318381636
524613695266
523312490539
528911026878
523515195633
523317578743
525613755301
528110295007
522211770960
529612997490
528113012687
528411288507
528118808791
528211913892
522216636149
523313424760
528616176162
525617288212
525514328741
528715829345
525617828222
523317134671
529613277278
524611194042
524611429979
523314157329
525613012769
523315608685
528110047088
523316075052
525419559402
527717033134
529711061529
525617717173
528311623652
528117975092
524611281690
528719754774
529713493095
523211065184
528113983551
525513431884
528110477500
529212407460
528116085253
525519188107
528717455371
528116097543
523318749975
529611513568
524611904039
529511212248
523318358791
523317246826
523317001052
529512523025
528110614435
528712315918
528114826091
528712736115
525610957263
528616151149
529611222165
527714435759
528713422564
529513492228
528119992832
529516139631
528311049444
529611994071
523317894322
526311985327
523418794175
523314690532
528115337582
523318426440
522215958171
528711177937
526311445779
528115329799
528713794576
527716249829
528717966596
529612466344
528911137287
523111657371
523318436328
522213834794
522811060116
529618516880
529618650431
527713833179
523113769047
528714677727
528115383328
523111056119
527911022245
522811024720
526313832951
528711276772
523314632201
529711284195
522411600684
528112396818
528713435852
523111098040
529618529427
528311637674
523317010552
525613153107
529518699224
528711729832
523312454042
527715466894
528719163190
526611284287
528715727246
528117073903
522811027522
522811121508
522811067525
527713346683
529512319061
528714572177
527911102022
522313290747
528711118040
528611048905
523315366444
522811052852
528116874549
528715266425
528116291514
528119761863
523514114589
528111284462
523311154302
523314504945
523312857514
523312672100
528718322699
528116581505
528714802598
526311737066
523315722638
522217400271
524111983257
523314407567
523317904046
524613184081
528114666612
528113115800
523313549356
527717007084
528115371314
528711079955
528110218836
523319060874
522212240965
523313195992
523310386352
525510475032
522311223590
527711978700
522811124052
528118896049
522811065836
529711135868
525512195491
525611658222
529811024284
527714420033
525515709798
528112703295
523316857041
529711160340
529212567351
524411073365
528116980105
524411519479
528115387567
525616247176
522713177327
526311974579
528713484130
525516274332
523315358619
528114961907
528110295600
525617788860
529611330589
525512758466
523319637726
523310150084
529811812158
522712129522
523318508976
525511399528
523313213510
528111842616
522811065872
528711430476
529611761888
528110158286
522811065423
523311569705
528711794251
529712657760
522811025649
528712701099
529617542075
528118911754
524111531139
528713949386
523511481220
524311104169
529212367275
525614613685
523111420944
523311413235
528119228702
528714521696
522811124058
524311332207
525511910505
523311404233
529513402924
528119542254
523318590051
529611991565
528116590251
528115023205
528712751817
528114666112
522212615766
523112414325
522811085623
528711023461
522811065823
522215824159
529211478911
529512887905
522811067523
522811006682
524612984220
522811068539
528115280510
528112290233
524614224010
525511382984
523314614785
523316169090
529514598136
523310047770
529611698666
528114389288
522811035682
523315154780
523313021935
528719209425
523318915596
528716152202
522411944299
529613622809
523313734648
524211113100
529212249615
523410852398
529911161814
522411448473
529211682379
523318024941
525610677277
523311827187
523411511981
528117740444
528116432882
528712746105
526311944065
524111256785
528119839627
523318662519
523411516879
529515053084
523319929485
526310303030
528411288699
528112150279
523312422077
528116157276
528712710429
522214403844
523311780422
529211358575
523318031810
527714044106
526711057491
529611899345
529613674738
523211024544
529612734924
523513061906
528711339277
523415639874
528311165470
525512414626
522211929815
529516152650
526313087891
527715460497
529211402460
525616564693
523111865981
525611488193
525610311392
527712456194
523314180126
523312454840
523312484648
522218665719
529613685936
525511598079
529511105300
524613448870
528718509388
525612845793
528110343172
524612817157
523310986920
524611800633
529616507741
523310142225
528911250269
522712658735
528211046349
522811065879
529811397412
522711664906
522216529542
523310142226
523314523053
522712454624
528119075538
523310142227
528116572456
526311681107
529612776705
523315746238
528211418082
523511081476
523211060497
529617514792
526312024394
525617697312
525617595299
529913341233
523314795327
528711395827
529513995663
523112000537
528411096179
523411330054
526311721390
528116088918
529913361255
525514632468
527713380040
523317404878
525513969896
523111491727
528115967021
522211966723
523319124974
529211459992
527716249789
525519822778
526311939461
528119183329
528113770752
527713359386
523113259128
529711754917
523111414731
523412152703
528115390036
528110063254
529612873165
525512237731
529214267723
529711158036
528211194158
528116583177
528110286103
523311152739
525519362319
525514028713
525510678421
525516579267
524618531055
526311733872
529611718908
529518056259
528114692957
529614462340
528311038670
528116248016
526611117873
523319143509
528711495206
525519081584
528119920369
523218529637
525514947984
526616154545
529511571203
523215487521
528715752937
525517738695
523112536739
525511160287
525612628523
526311713504
526311725760
528715907008
523111499447
523317367266
524611137350
528714688744
528111909859
523317979828
523111179032
523315021089
529911013629
525616078755
528711100444
528115149525
528117851865
522212632146
523111210294
528117795225
525612796372
529611554232
522811060113
523511495696
526511048083
529711594946
526611469510
528110081256
523411168805
525515373604
523111450269
525611750958
523313525107
529614594442
529617999903
528111666224
529714292512
528119975922
522213203459
523215478429
528714373039
523215467809
525611831276
528119178266
523314870946
529712207222
523215468790
528112995609
528713544530
528117611978
523311478338
523314890977
528117483969
524611382468
529212591794
528117085995
528711983059
528713818918
528119238541
529512209634
528112862519
523112350369
528715187356
523317200451
525612006763
527714046999
526711090649
522213980989
525512128360
523311115544
528718862944
525610570348
528110194751
527713014303
528711252649
529212025011
528114692884
526711126345
523313443776
523317470642
528711253608
529911057154
525515106621
526619273594
524811023594
523211144777
525612711042
524811351720
524811528979
525211555225
528110517581
525616940334
529612998286
525515285224
528717316701
528716093956
528611105395
528116521076
523411597506
529515824745
527713832730
525514965786
528713664988
523313125334
528119598601
525513701394
528114742844
529811375468
528110659267
523311121017
523412426471
522711767093
523317364912
522213354431
524412481952
523313281450
523313127055
528112862470
523310913432
528112289793
528711160474
523313128065
523311252123
523310393479
528119093883
528616155023
523315493960
523314520480
523310142228
522217964646
525617405147
522215436154
522215636154
528117535093
528114689406
523313122007
522211523747
525614245457
525613744442
524611795427
523313128631
528116139087
529614512500
523310142230
523314520483
525611370159
523314527054
527712630678
523310142231
523312121210
523313124054
523411498484
525615142737
528116050819
529511656499
523111206247
523112292785
524611209438
526611238338
524611074944
523313125472
523313125460
523314527055
523313128099
523317496024
524512766164
523313623232
523313127056
523310142232
522213652726
523313129970
525613649855
526312456493
523317406920
523314386664
527411175460
523311931856
529214041334
526311958247
525615684794
523313840266
523412416949
523411761390
528713025694
526311733404
528116700888
529611085235
523312484666
529511802772
529617321983
528714392081
523511215487
529616656083
523319089665
528117291440
528713806326
524613449988
525619024916
526611142580
527717053093
525513489203
528211469059
525516109057
528113722567
525513856170
528113138723
523317540635
528713962504
529515250021
522219657894
524611503657
523711081315
522411247142
526813806326
528714980419
523312454870
523215464870
522219202302
528211607373
523313421375
528715132227
523311347990
527717778802
522411055981
529617023783
525610411156
526311837871
523318227855
525515015254
523311433119
525615491319
523317702456
522214302429
528111885178
523113402888
523513485315
523319073853
528110513932
523310460592
527411223660
523316085098
529811170622
529211754536
523311425380
522216527098
525619567033
525517852349
525614525327
528711209617
524412479129
523511670101
523314420484
523111370463
529614525750
523512814615
523313125420
523314528099
523313128033
523310279585
523317599222
528611358398
528110428975
523317011427
525512121447
526311302763
527711246912
522211475829
523318039674
529213028284
524111357551
522211165331
528711722545
523313125018
522216576573
529614157551
529516449774
529614613578
523313436231
523315493957
523511084135
522411089139
529212066385
523312971687
525511579909
523318300803
525610554214
528713490099
529613712017
527714021572
528713480170
529515051165
522212606788
522217302119
522411843214
523315730676
522411222484
529514606946
529516127998
528112493262
523312487540
523317435368
523310302426
525512396274
523315645053
523516254841
523212454646
528714157374
523315546791
528117625492
528710983689
521319494956
526311734640
523312793212
525213464786
529514191568
523318935968
529611924045
523319129369
523310003132
523316144152
529616337676
528611042351
523413106991
528115260321
523314717403
529513414572
528711359990
523311087409
527711802821
525519166238
528116958115
528112379856
523314123529
526611137948
529812077788
523318433475
529611299706
523311090299
526311231803
529811588680
526311651583
529511867991
525612747040
529518704769
523318196130
528110476039
524411223875
528713248764
528714103227
526311732969
529517656866
528713938309
529617158800
528110112613
523313413488
523312456978
528116301292
523310942046
528715060352
522212836547
522214403390
529613736908
523114464805
529511510128
529613006308
523111342126
526511068625
523114425013
526311135985
529613438414
526312341911
528111754423
529911157602
529212802610
523313863586
528714834034
523218464840
525610915749
523114431979
522214120235
529611098764
522411021072
528117553794
529516433200
523411197025
523112841425
523313125648
523111356299
529512356181
523316013623
525612966633
528712581790
524613614765
523317521216
529613263480
528715041385
525211155524
528113111405
527713922169
523111583455
529617018143
523313823252
523312723681
529615864972
523311723081
522214672354
529812435851
522214255752
529613691374
525519131511
525511209030
528714044485
528715703373
529612345623
529615362345
525612923200
528113863771
526311089052
523112625586
527411170783
527713503948
528116374044
529615824361
527712727882
526611105866
528311076022
526313167105
529618536745
528712362730
523515486053
523312226812
526311163091
529711007561
528112450515
529612016515
528112888767
523317532949
523314122703
523314878892
528117824719
523313149006
525616918368
525517950946
527713318518
528117854622
523315642572
528711564605
526611287972
528311623086
528712176041
528116802933
528713592640
528715959255
522216711785
528712819156
529514356546
525613563888
529711457202
528713949695
528719158373
526313024886
523511029525
528713600925
523319083833
528715793801
529811347678
523318727948
526311878043
525517140585
526313855122
528116589197
523511842033
522219655404
528112522589
528118275579
523311843673
524811432937
525515351275
526413219863
528715070602
524411394734
528311257664
525618779752
525518258957
529515780446
524411368491
522216856771
528717834691
528114855318
522213587654
525611970738
529712610502
528116403690
528715094509
529514609523
522411578437
527714772388
523111930134
524611471182
523111122057
525610321457
523111574048
528113895430
528119035035
523317225631
522712604022
523316986540
523314262361
525510721953
523310142239
522212956939
529212305204
524811400665
522215487741
528711884544
527714753296
523313128630
525611668044
528712654051
523511813578
528717102026
525513491700
524111349341
529516447464
529513087832
526311724805
528719211720
527713588728
524811554078
529211322925
523316996882
528717693228
526313041795
525513224273
525616576101
523310975278
523317402360
528114125559
528118947849
529711091224
526311089723
523111189133
523312610523
528211046498
525911300277
523310392747
528714094234
523313491310
523317472897
523317629905
527713647461
526311951690
522216050131
529512092763
522214314685
528116202805
529811317839
527714436429
529614594191
528718485783
525519517364
526614790051
523112664082
523312991136
525618618371
522711912140
528119807662
526311355850
528911104499
528711403586
528713505277
529812704555
528117402280
524411091818
523312151510
528711282405
526312118940
522215751117
523119109188
523317745106
528114990209
526615939931
528714621353
523310058089
522216560805
525619018662
528110098152
526311000636
527711321922
529618491122
526312998616
526413250468
523513508829
523319610089
522215473695
528714094116
525615047743
525514619784
528116392992
528715825362
522212698664
524613642415
523318373444
526312016282
522411618703
523313366765
523312398451
523316795041
523314715219
528114982580
523511622074
523413291723
523316050980
523511158155
527714792321
528118562395
528719191809
527711617482
525610460332
524611413043
526311169362
522712843995
525616405269
526311793501
523313026605
522215750861
525511440856
529514662304
523111203244
523511152807
528115163406
523312203991
528715076069
529616670890
523411058140
522414190467
528119054607
526311993697
523315470293
525610830507
524611995553
528611283410
523411053468
523115111913
524611386800
523418798641
528311149184
522214603605
522711310830
523318979697
523411786930
522217423233
528110482750
522211892649
525611268890
523214528079
526311094261
526313447285
525613874414
523411636067
523411452560
523411081136
525614978736
523215464079
527714450445
526311900355
525611781247
523312212572
525618460419
529513106174
528714139497
523111445237
523316696777
523316494612
528115747378
528712612937
528711969011
523112600827
528112394960
526311779356
527714803999
528110673467
526613369874
522212174605
523111123665
523316958004
523312274250
524411319588
528112141960
526611121259
529212061649
528711561308
528713805433
523515096169
528713599546
523312916531
529517655188
525617278381
528211197959
523111912124
523319417164
529511065140
523413078183
523313958978
523313294913
526311944297
526312022271
521111111110
521111111113
529512342085
526413270515
529613700291
523319762105
522211909674
521111111114
521111111116
524111342141
526711011053
528712449126
524613907431
528118684251
528117927200
525518602561
528713584974
529512468701
526511017956
523310091828
527712025021
525519368426
523311937568
525610359581
523311086364
524112080427
526313140756
529711470952
521111111120
525611155054
521111111121
528112307922
523314476035
528712730472
524614237690
528119087978
521111111122
523314502443
522213780784
528711256162
529211558994
523317205553
528114205011
526311138395
529516066556
523111343608
528715080151
526611113688
525518399689
528715630278
527711802152
523317490397
525613016048
525513368617
526311309731
523318293684
528714023462
525514385342
524613292110
522211798177
528712023462
522311763337
529618674860
524811395901
528211456818
528715023462
523411511024
523318567143
523513734893
525618570239
523414365232
522212642136
527713729591
529911071814
523511506482
523313431487
523316523269
523412417555
528711228533
525618801470
523111478080
528113719930
526313454338
523519638521
525510114331
526311898722
526311357720
526311992740
526311092899
525511664537
528110501408
529817510682
523319061468
529611290755
526613297091
523318043900
522213756745
529511728544
528713930256
523317479413
528715837111
525618562059
522412725171
525611093482
523314359733
523313394578
526311236872
529611311377
529619278111
524611781589
523312093880
527717558908
522211666055
523319560410
525514847451
523313887769
525516937690
523112566599
525514942781
525611973404
523316740662
529616923505
525519070729
527714266416
529613190751
526413214710
523310417067
525617430995
528717430405
526311794413
528712627296
523111359306
523315389021
526311733461
523310493926
523319914218
522215903030
529811573960
524111444743
523411582640
525514513498
528718862922
528712347091
523314494312
523312545120
522015269847
522712068541
522411308161
523312512807
528115088763
526311252352
525513490137
527711434565
522212258537
522213626122
523318877063
529612904391
527716293040
525618719689
522311531034
529213052472
525515297341
528718452642
529511271847
528713312251
529512862446
523114862028
527713849724
523115043697
526311135233
523310499306
527711999527
525615836984
525611455971
523317226579
529711511684
528715211978
526311357523
526311061719
523111167507
523310714232
526313034771
529612756606
523318053808
522214637675
529611931394
528111694630
528616176845
522713156429
526515139271
526313028419
522218206331
525519151785
525611166196
525519583357
523310041482
529613627359
527714258061
527711273040
526611135333
522218753137
528715708435
528712350003
525610657029
522212778394
523112606779
525517966768
525512942516
529512424536
523111501649
525519066407
528311027359
528716930253
523113927580
527811092195
525615673173
528715548268
529511700029
529212503936
522212875821
529512875261
528115680800
522211308389
528715737435
528110531183
524613355799
526311100924
528119659821
525510509050
528714103712
528711251403
528119823420
523318591932
524611488231
523318613702
529611356269
523318053504
523313318047
528712735264
523313201056
523113766169
525611746108
527713318673
523112430018
525619974485
525611068361
523511459397
528111256764
522811066542
527711840978
523317977935
524611789336
526311153268
526311907663
525616106297
528713970103
529515656651
522712833751
524611735109
523314471542
524811559761
522213942275
527715468826
523315381371
529615379245
523411081583
522215869532
528713789048
525511729294
526312420857
525613252227
523310382511
526311104088
522215436525
526311791534
523111952434
526413216722
526311773435
529616624052
523316052678
528116521814
528711214258
523313105364
525615571424
528110222232
523316927978
528116278533
526313570451
527713837428
522215344699
528115743109
525514393547
525514813081
528715081359
528110425836
528712653724
528312382709
524613424561
523310967972
524916835107
523319239731
524111465091
522411641600
522216581152
528715807741
528713833581
525617509079
525519127488
528714056073
523113753863
525615556733
525518085751
524613818298
523313276246
528711310349
527718815348
527714447385
529516035298
529616079854
529611659334
529513975691
523313027894
525619427331
525516335255
522211216343
526311644221
523317013279
523312989285
523112502100
527714834124
524614029975
528616153270
526311811699
528714815241
526311258926
526311076091
528117613814
528112112538
525612232856
528211117224
522217784452
523318756228
529811018909
528714815370
528717548390
524811013836
528115785264
525616989126
526313021416
523310423016
528715743111
527717018170
525512486601
528612006862
529813711093
526311147225
525615050097
529511300771
526311880131
529511036329
529711742620
522212332000
525514201094
523311750607
523317106508
529618119169
527711621343
524615544404
528713804868
529614373041
528110094142
526711111048
528118864771
523318542561
528712714054
528715666618
525512456047
528712705253
528715833407
523319745589
523315547061
526319999229
523317932885
528714137286
524813837518
523114272741
529611144237
524112195547
523313994253
526311777350
523313972052
526311551624
528114176119
523313128440
525511987422
523316800009
529515943910
524912293426
529214844791
528311147165
525519292869
528118226737
522212605067
529814183166
529514198055
527711432435
525519481000
522213084358
528611264577
523317124084
523318535448
522212646562
528714264152
524411365996
523314528095
524412037867
523313568652
529517829561
528116203186
528116659767
528711036914
528112500223
528715750076
528713824635
525516577815
529515819699
524612552551
526311792730
525616179260
529712216629
522218357914
523411478701
526311011890
528714694583
529919965235
523317756086
529617321331
525612207797
529211002256
526311156518
525511779532
522212545600
522211128757
526711016701
525611454095
529717281928
523318809861
524814815426
528110082429
529617866604
527716760222
525519279907
529512362294
522216441928
528712699218
524811293413
525616161624
525613257154
528115015131
523311869367
526413241069
526511048441
529611162558
528211006132
523211005625
526311673710
523318198298
526311777202
528716448025
528110386036
525519174606
524211033805
528119810447
523313036220
528311410637
529618788724
528711636802
527214844791
529212569502
526311914653
529614618213
523315991744
526311959771
523311541553
528714636063
525511958503
523313129889
523318108654
525518313169
523317525462
523911753977
529212726789
523112922300
524611129474
528111391889
526312494575
523411087288
526311983660
528717873898
528117472024
529616210574
528111746649
527711550492
529515786317
526511014288
528117321200
524411219713
528111741252
527713733584
525514236030
523311864118
524611080436
523512024010
522212377634
523112307284
528119784914
524611776766
528311637289
526311837494
525611227285
524614229248
522215770887
529611560438
523312648836
526613336223
523313407934
528714284953
525519250545
528119438677
527711739745
523318390491
528911211395
524812413243
528117832942
523318754713
527411276702
529611019180
523315323938
523314027948
523312711738
523317695200
528110205487
529711497124
524613184869
528117884628
525514131912
527715550247
525517053812
526612460477
528115108411
522215214697
529711495724
523318935743
529617749579
522213814467
529511035292
528717975525
524611216152
522311211616
527713483999
529211286112
523311166179
523310278704
523313984649
523411174200
528110203256
523311830257
528110214484
529611235840
528715936898
524211085213
529618989433
528117482848
528119807701
528711192145
528111029286
528211609364
523317675443
525613694962
529513915554
529712644369
524111464559
522411190423
523312955195
523310145371
529612869645
528714849511
528713338342
526311188079
529516577762
523311691473
525517890632
523113252907
523319605935
522211322618
529514758900
525610626448
528712733221
523317226653
527712442836
528611087294
529511789397
524613788867
526311814090
528115569271
523317209480
523317525395
523315295103
528714753760
529214138572
528118620088
522711301909
523316085757
528719722903
528110341852
522214262407
527716774243
522411201296
524611382499
523312420384
526611123378
529612311492
525613105139
525514512184
529214099074
529616074349
522411215425
528115132285
529514964853
529612477842
523310742485
526611319000
525615138524
529613670301
529512685630
529712066688
528712215136
523111451104
523319615967
527712666352
528713979635
528713307928
522213774832
529616671447
524613172939
523314355646
525610770364
527411095805
528713306077
522218195464
526311643796
528211041601
523311724251
528715808446
523314182597
522212034543
528113139856
523319808487
523313317411
522312060470
523511226743
529516447355
529613592498
523317245648
523311174223
525510675302
528114676447
526313156364
522215635568
523317962139
528211600058
529612969201
523316288990
523314629098
528714181127
524813461186
523316048234
528713822357
523317942630
528714770908
524311096927
522311203234
525615700240
526311472945
522714029561
523310897780
528714829920
524612929569
523311512910
522213525646
526312703051
528211280178
528719721473
523319271448
523311404125
527911947076
523312230908
526311940851
522213680279
528117458797
522411909858
522211112189
522311345049
524813896221
523315754427
522712066570
523317245843
529711001378
523513927653
522712647135
529211451081
528718988959
522219145976
527717413150
527811101517
522215822500
523312195923
522213547739
524612013938
528211464562
523311430044
523317714117
528116951866
529712061286
523316989708
528119969472
529611503457
528714005539
528713337776
526311912004
523318933161
523314203514
528110616231
528714756042
528117619906
529612370459
528115393489
522712641833
523411403989
523314373587
523317734917
523418789078
528116834452
526311824570
525616587847
528712261074
529615512628
528713834597
529513543514
529514962324
525618532872
523314570574
529512842913
528715351579
528118223288
529614510453
529613234143
528711324516
529611518418
523319404939
528717864872
528116679590
523310163351
528712510900
529612487930
528118662094
524615333015
528117960058
522211252325
523312441539
526511005025
523512249471
523314609080
525515724049
523112899841
523112260741
523318902192
528717556300
524611171241
525517758970
523314441157
528713707711
528110224831
525516004099
528714774251
528115838929
523112561278
529511115847
524811515861
528717569975
529911184120
523315493962
522212362529
526312485199
523511034455
523313368047
529814231032
529513419322
529617201664
526311086646
525618376269
522216874416
524411110990
528713982646
526311005742
525610147604
529613341862
529618774158
529613183418
528712663927
528411329885
528211214932
523513071610
529516081547
522214178150
524711584239
524712842904
523319033908
523317689383
528714847392
529511745850
525517427296
526411020404
527713843572
524111220562
523411351818
523315122296
527712910264
522711720370
526311164726
524615651254
528713368904
522217648793
528715165414
527712652761
524611825203
529512903610
527712670941
523511858151
528311586237
525614174395
524811192419
529518066019
526311860176
524811197522
528117360012
525619691327
523213698524
524811146263
523111990407
526311013874
523318693554
523112355993
522213746373
524811220727
522711263330
524613448243
525618692800
529514595356
528713830124
528715182067
523311186770
528114811642
529711197314
523314527052
529613168725
529212809219
529518482358
522215979032
522713840529
528116674284
528115305028
525617693370
526311239149
528116650161
525514974727
527712622361
528717960440
523312902415
523319728371
526311357602
525514885213
529712642343
526311818197
528713508539
529916332566
528116560819
527713297959
528211464415
527713426721
523511063741
528715219321
524811463868
525512023443
525518544343
528617985450
525611449021
522411539424
526311938751
529613180247
523113311366
524612917647
529711451665
528118012139
529517450726
528116533842
525612984402
523517475611
523411566828
527411163283
525619436640
523311830796
523111199264
528711774137
523317142530
528719799608
529514974765
523118900043
528715173021
528713483219
529514215711
522216288195
523319713975
528110204881
528110473316
528118794007
529512192797
528116878890
528715832515
528119914696
523319754118
528112373259
524613779704
522311216849
523312456875
522213903049
523111754903
528116655383
525514684135
523111110851
523312456825
528114709108
528711842787
528713937001
523313181734
528113164648
528713571748
523316039874
526311712620
523312781140
525611200550
523111798804
528711114141
523313953539
527711741235
529514721689
523411368994
527713584898
522712840470
528715941356
529516549071
525611477047
524111150496
523114135115
529617772301
523313041496
523319105012
523316207926
523318836428
529711274480
525619568101
523315579283
523312456908
528611024545
523113912693
528111067385
527714396176
529515677920
528711386467
526311576972
521111113030
528116390870
525512475586
522414070701
522713143353
528715234512
528112426578
523511257863
523313585752
523310952859
522217306070
522811024814
525517022089
526311842643
528311059709
523113921504
528311331697
528311576010
523312450623
528311008564
525518755961
523512799032
523511770779
523314325698
523312456905
529512281687
523312546792
523312456792
523312546894
523313600755
527411199406
523111032989
528111758067
523312469405
523312459703
529612556138
529511075042
528115525907
529214327311
523312456282
524615544434
523312456292
525519606831
525519832157
527411000196
528211419522
528712560288
528113252513
523113142207
528112355214
523319458358
526311295182
525513296415
529711060763
525514253658
525514252640
523412067792
523311401591
525616661434
523111501172
528110480351
528711630821
528713543742
525611156334
523315555315
522219448585
522214269321
522414269321
525514214318
528117121501
529614478830
523411173787
525513060732
523317006303
528711272619
524611279633
529511278115
523314528027
523313126970
523313125333
523315493926
528113760098
523316908700
523313125022
529616557768
528616171171
522712153594
528715442453
522213585316
523313129513
529512320270
526613250683
529212610343
522811060112
526312016966
529511143338
529512714840
529616590148
529611094849
522712082708
528119974621
523313127825
525614862091
523312995976
528116814782
524811965068
525613533379
525610855507
528713709218
529611261607
523313883268
523314865975
525516962681
524411182532
523111340711
523315174884
526612981994
524613171672
529211449449
528715797551
528119998624
529511905518
528713566298
524613762121
522212380991
524614040179
523311780322
523112703885
526311715309
528119169744
528714766387
525513618043
528113283276
528116245948
528211412408
527712273305
525618007412
522215655378
525519679543
523317572517
524813316196
523310015427
523314831052
523314112467
523313353979
529615733944
523319798172
529616079061
522218284631
525618296087
527411175357
523312225579
523511678024
524811403922
529513436528
523312089778
523111369206
523411558634
523319054804
526311322343
524612636150
522712100255
528713346167
523312216253
523312239964
522711655337
526511001700
523313954269
529514942130
529211059090
523112397161
523318194888
528115872722
522213488875
525511534216
523512793070
528113973310
523112359295
528713091530
523313190440
523314860690
525611269797
529513113241
528715797023
523317430710
528117643117
526311778050
524612994168
524611799503
523511443621
522219275919
525615391953
523115134915
523310169395
529512773287
523312992395
528715220355
528718881079
524611918400
528311043230
528311779454
528311553779
529516128388
524615335858
528718882479
528715268922
524614172685
525516834182
522213677307
522411301234
528717974157
524111251035
529515948068
525512485459
522411699308
522215825378
528712446063
523314603807
523418793020
522213366542
524111118669
528110710485
525511274278
525514250855
528312375852
524411520483
528110217223
529117894475
523413292890
523318843535
525514719234
522213386773
523313360772
525614133556
529712099575
525514852963
525514430073
523311975879
525615842238
526311803219
528111741083
527716783887
525516027572
528712774302
529811923314
522712555935
523313334480
524614226623
523315340841
529612259898
526611104542
523319945882
526319998311
526711013810
528112308710
529211358071
523311866253
525618435748
522211171279
525616047250
527712141396
528119543163
529510616363
526313186402
527717729152
528115323216
528114684743
524211089964
523315556971
523113915448
525611849924
528311218072
528117997163
523412077344
528711057576
528110247461
523311089701
522412760481
523112266614
528911213155
525518253156
528712402021
525512560993
528713564882
528111789544
529511005618
528110758112
526618502194
529212331248
529711947926
528714009112
525511286639
525615125668
529811953965
529513233110
528110438624
525617379515
528711257250
522214239727
529211804985
525612615297
529612182432
527713497679
525518063589
525615201664
528211601640
522219202993
528116702005
528212113676
525610980423
522212953429
528115831819
528715725823
528119067029
523318302834
523511824782
529614251671
523111349304
529612541373
527411056653
522213481070
527714239995
527411504248
523314650717
528714179976
528713882546
528110157002
528110644830
523312134740
526411024493
528911056542
529213035823
527711055325
523314571925
523412157412
523118901736
527716839370
522217060499
525512921057
528711132184
528311766825
528119037228
526311787536
523319022221
522211827956
522711114315
527713869031
522717490398
522213442117
523112670926
523316978435
523113024073
524611470704
527713216653
527711609509
522713973875
527714352421
524611507900
529613201222
528116521014
525518216109
523317989998
527712837000
522218679156
529611395268
523319780894
526311008559
528115830411
529811384058
523311045102
528119965959
526613268404
523314135685
525514888565
526311654130
522411578003
527715254919
526613255551
529618657510
528118886264
529612848022
527711024390
528116918440
522711250895
528713433209
522214187119
528119818058
522712438050
529616580404
526615272036
529512330178
528115027543
529616722010
525515746550
529212535130
526311401217
523113414395
528714656285
526311226547
528312548719
528712121766
523512239676
528611092644
523318626922
528714122622
523317368337
528711725274
528715126754
523317509460
528114994871
528715799977
523111977730
523111362813
526611282881
525618418313
528112535586
525617320737
525616725959
529212461555
527713667377
526311805734
523312165900
522712436817
523312053119
525617472311
523319987379
528418418405
525516832463
527713216313
526311481576
523312422299
526311000648
529611967044
529811756057
523318306902
526413213442
527411263697
523313351255
522213455801
523315248536
526311941798
529513930028
522411304004
529711556238
523312519352
526311939194
528711850897
529613696584
528716762575
529511147217
523513490010
523317155159
523313463771
523317382228
528717975175
523318477493
528712369865
526312484950
529811430555
528713242969
528717973265
525614844943
523313984891
529615860357
523318930675
523317235454
529211183277
522313298170
526311292122
526311935207
523316721643
523112858517
526311082355
524411306514
523312172423
528713861058
529613208408
524211101820
522413723088
529711223143
522411574134
523118908022
528717892313
524811392307
523315392331
523315173956
528715780766
526511047299
529711080838
522214635719
523310129062
525514069892
528713331870
529616651483
525614555572
525614356052
525512319556
525618353391
525610400361
529618969818
528716421255
528110399433
529211324459
523318409521
526111009898
529811369720
523411027936
528412642366
528119155850
525515841530
523312307182
523512251827
522411158882
523112026725
522211615622
523311863838
523318261643
524311056110
528713433615
523310231163
523317589876
529514787869
523312820677
523313354932
529611596011
528714130387
523313656212
528114828337
529617689561
522711839979
527811109427
529717290540
528411126067
529812054570
523310418398
525519619916
523313451790
523112555873
525419448784
522211846000
523315298394
528717841416
522213870901
525512139151
523310884883
529811058033
528713456935
522215813272
523111127103
525613093803
523511095547
523111370626
522213910826
523317858707
523312870848
529613770986
524611418222
523711035828
525618776071
529711593024
528713422193
528112794107
528118887384
523311764368
528110229324
529611239782
527713581591
526313587375
528714674644
525615792877
525615861403
525518188488
526311349216
523112593165
529514337316
526511002934
525615331412
528713299953
529617684642
526311925478
525611734044
529514088260
528115289741
525612937057
529618177201
528715020100
526311324172
523311131409
528711646907
524611293512
526311177690
526311658225
523113958281
528114120548
524611179008
523317167761
529814172999
526311481981
528313109812
523112803297
523319766632
525614900261
523317450292
526413267438
523312309034
523318799903
528711738959
523411497215
524612537993
525513959678
527713570110
525519038481
523312678662
528717858062
528411310412
526611726794
529516149263
523314002607
525616810017
529211784673
529811031629
528713983758
529512309228
528715053532
523316947545
525611882539
522212632252
528114707302
525614359709
528118675353
528312542229
528119864428
528715809364
526311883792
526311378666
528611327678
522211575591
528718991424
525515752088
528714234148
525514896922
528112772176
528611122538
528115869162
529811876923
529811114424
522212232544
522811123493
523511682982
528611280218
529613582008
529613228993
527712369856
529514205553
522711258614
523113549049
528719758995
525616757968
528110493853
523314461300
528211915767
529511366036
529711025309
528715197587
525516890774
522216574373
529715002659
526311341610
528712231911
523111008143
528611607503
528715703098
523511004382
523312939634
523313199123
523111545990
528411001038
529613354615
525615212546
527711810665
528119147609
526311153454
528911262909
524111119621
523319450195
528711272025
525611222482
523112507564
525513598386
528116089281
526312490354
525519105916
523313491196
525610453873
523318480779
523318210073
523315717563
526311016397
525511331097
524612300317
525616181040
528715019503
523319061998
526311081744
522219162881
529513089476
522213569621
524615406537
528110045067
526311443791
526311957580
528117441506
523112687461
525514657516
526311777501
522214206671
528211918793
528711545975
528111821328
526311867978
529513951202
523317439383
528113252323
523215468888
524611220819
526311998996
524613999533
524612319766
523412051477
524411203149
522211756053
523315856536
528715119002
525516491368
523411174030
523111390044
529812077081
526311687493
528713607024
523312688590
528116689307
523311961369
523317644035
528713593852
525616759215
528119563322
529817366578
525511703534
528411001690
523312176569
528211410489
522717111050
525613359493
523514055642
528112404564
528712607573
529211794141
525511586829
528715064562
526311936598
527411094414
528714594774
526311711174
525610141244
528715180132
526311986012
529811484497
523513465018
523316927538
523310441919
522312529004
523317182116
526311788998
528719727670
526313026289
528711717120
522218259210
523317388266
523011512793
522219377188
525511988573
526312010176
523314739241
527713299806
523513512940
523317427074
527711173021
523112620859
523311449663
523317217368
525512194578
523312009582
528116901152
522818795094
528713161011
525618521460
528111657822
523314453077
526313087052
528715682640
528113190227
529513271859
528311616133
525512460856
522316464949
523314451345
523312283310
523316923841
525513791058
528110188542
528714674487
523315784090
525616485783
526312475089
527713560357
523112554847
523513064130
523319262233
529812049223
528112377009
523312887745
526611031333
528711038869
525511578445
523312665821
524613113710
526311820270
523318585599
526311347874
526312471052
528115898576
526311370089
527711916756
523310011097
528717551124
528111880844
527414111060
523513040787
528715136433
523215648790
522713158819
523316343682
528111751161
525611821556
527712440110
523310052581
529616034989
525514963874
528116252997
528110334712
523310718879
526311652134
524712844269
528713267148
523112270787
529312764154
529613083222
525515329446
529515096755
529811182551
528117065396
523318896691
526611309577
528119226025
526319991898
522711048584
528211021300
523113454255
528712845558
522211083606
529211774068
523310948470
528211455745
525211346422
525618615118
526311139940
528715266858
523411563137
529211358658
523318422175
528713450636
528713426218
523319693283
526311115012
522311340528
523111069263
529513095213
528911136523
528117472271
523312713429
527713841419
522215327526
526311941645
523113398901
529619652731
527714599973
527717473187
523318477585
523215464809
529612317530
524618524795
524611517224
525611035007
529513412090
528411066061
525519874260
525615017829
524616165644
528118464848
523311026469
528712316258
524712842399
524715843690
525514992749
524715843969
528119555194
522213649890
524712874339
529611906179
526311653751
523310923717
525617215576
528714038987
528113940867
525211444277
523310610676
523315493693
525211144422
522211985853
528211113539
525211478585
528112361749
525614812626
528716053840
523312669725
526311658940
523313359167
523310444843
528713489821
523113015059
524211030179
528616178410
529511247753
525514162904
526311304268
526312995917
526311681829
526611358470
523314407993
527711179271
528112368320
524613298351
525512457823
525610007887
528117400629
525610393719
522219000951
523318820917
523211084792
522213459479
526313024587
523111342465
528111278995
525513726816
523112449815
528717102598
522218268053
522217856170
528114815394
528715945716
529211289141
523319025756
523318419144
525613826045
529211548433
523315660916
526311138814
528211032416
523111064143
523316932862
528713857601
528119436271
529612966408
528116734459
523511334509
526311937324
525516447858
523111379837
523315828357
529511454739
526311934101
528117903506
523318754899
523312733263
529515572684
528411283006
528111739264
523311736087
529618844016
523317960754
523310255915
522216701082
528115270150
528119851297
528110750766
528713869814
522214022746
528118415154
523316816501
528116632810
523311359926
522216023108
528110105744
529711879644
525612853132
528711736742
525610193147
522712650186
522213528204
525517247596
528611134898
522216676911
523316859187
526413273516
529717290196
528110711031
526312029737
526311985658
528711497745
523316488884
529616670666
523310634212
523411785774
523313567370
526613043919
523111194577
529516409531
522212637562
524612705111
528714305471
528115244065
525511120035
528711288488
528118617399
526311111831
529713509124
524811571946
528114688024
525518351260
523315722128
529814171416
523317991649
523315997822
526611119711
529611509353
522216614779
528117811128
527713844337
525513721523
526319442241
529613274516
523314486263
524111626533
528716448517
529911243770
522714030376
523111842640
525518168881
523318467612
522217593529
523313018052
523314460134
529615725614
526711078646
523314676221
526311013982
523313724840
529211134236
525516460654
525614118638
523111445259
523319596961
529811970030
528718874885
524613919585
524613997043
529615884194
523318638016
525611750626
528118920408
529616505384
528713840807
528114864688
529616663869
522811014940
522212699852
522712558312
522411363630
523315843572
528116344009
529612980526
528611280135
525513664206
529614593613
523317819012
528117953749
528110489647
525514384076
528114184373
523310733298
528717826094
523310112304
528113299321
528118570245
528110433999
528712392314
523311604435
528713656628
528713246666
522211962412
529212000519
528717959691
523315643313
528711390779
528114113357
526411023012
522214066045
524612887507
526311254923
529811348726
529711634022
522811062331
529618045864
527712900695
528711580360
529516098451
528713834061
529515300575
523113411251
523411594484
524612925064
524612770792
523312274939
528711515359
528711552406
528714595638
528711017076
525618464634
523312744089
525612377902
526311907002
525619360215
528114643012
526311682415
522214915308
522414915308
523310610823
529611277011
526311116525
524615991564
528112496429
525515234980
522219496623
523312637669
523311116210
528717354904
524811475556
529212246278
529514268566
523319423350
528119067035
527712685631
528118237182
529811168264
528411031666
526311826287
526311827977
523311386359
526311811246
526311440164
523114859892
522711124262
522717029136
526616453256
529711565668
528611135774
525614265315
528712188276
528713460158
525516471066
529518048880
523315527946
529512715995
529618714595
529612517972
522711602900
522311217797
529711029805
522411082760
527712209963
528112302664
523515191380
526311353990
523311970102
528711239079
528711097069
528711098071
526311020354
527711063652
525514257364
529212928179
523111451174
523511610284
526311642955
529817513292
528714987729
526413214624
529717292711
529711541438
525618365368
529811312046
529711211465
526311260351
522211477390
523411772203
525516308823
523111841795
523311848496
522214390710
526311109394
525515920204
526313045104
523512245637
528715760504
522211276785
528116586870
526311014693
528117471890
523312100314
528110604124
527713908998
529611864630
526312995182
527712210019
526311206869
528711068505
524811551790
529512489885
523114130173
526311653050
529513924695
526311878774
524411062702
526312479890
529811004887
528714836145
526611283569
528711029784
523412393419
526311880828
525615641628
523112309916
525514676704
528712748341
523418782420
527411357811
523312471766
523315506903
522711722996
523113519420
525513187356
529711452084
528119567226
523113427548
523111464446
522212009704
528714175402
523411602650
522213605609
526411024804
523319713502
528110361191
529616992362
528714616783
528119600901
523511694995
528714745173
523314255204
528112723865
522215233118
528911131150
527712982561
528717895520
525611454864
528119129473
526311983101
527718926378
528716429294
522211073366
526312995315
523113167556
526311946485
523512252603
524611023759
522211636586
523411600961
526311865573
525610537989
525518228284
526311378104
524811160612
525617251240
528717836709
522215661254
522215263372
525610270201
523312474810
528311759927
525515786463
528119079105
528717883246
523111231497
523512813915
529211697701
525618957622
528110354922
526311232201
523511032445
522218088973
529211619273
523319900826
526311736325
523315344943
523112330366
529514147612
529811750838
526311089605
527717206982
528112729283
523411566611
527911109784
523211089355
526611304586
525514044398
524611432766
522311477327
526711114213
523113972305
524411387572
528717977202
528118496177
528110745280
528118612939
523511173926
525611581339
528110467911
528712735918
525512873028
527711766142
528715046852
529711028790
528712409069
528111814714
528616747257
528717955564
528713329745
529516124628
529617982384
526411027567
523112888983
526312988413
528713571033
525616490461
523314187198
523317033704
528211026049
524613419233
523311574749
523315283245
528311150885
526711149114
528112158901
522412377169
528611606959
522219957439
526311785101
522213398767
529712236153
529511950254
528119634933
529615478653
529615984550
529616682520
529211251024
529612587412
529611067374
526312491663
523112291310
522311242368
528113289406
523316069396
523313512980
529614587593
523312886089
528715744348
528714500663
523310055632
523112473755
529811016780
525512958152
523314079980
525616328481
522215639847
526311963071
524612621468
525614859182
529619816155
527410852985
527714539779
524412822571
528713436727
528116902219
527712338920
522711850775
524612532937
528713527410
522215754739
528311776627
527411127142
528712731293
525518464108
523310556365
528715015265
529213102134
528211423433
522215593433
523312816180
523318441680
526311232603
523313165028
526311808830
523411056513
525619552075
526312702856
528713885182
525611613982
528719291361
529911117845
529514034023
529612332604
528714099229
526611178590
523314209401
527711900973
526413272150
529813688488
525511181196
529614462081
523113732580
527811073734
524612997293
525613060396
528110482378
527711286055
524111404513
526311808283
525513416879
525514795229
527714474078
523316916810
529811933227
528714009711
528117863540
526311912233
528714158903
527717734041
529211191564
528114132237
528716076030
525510772764
528713481591
525516919994
526311905845
527711093814
528111706859
524613056780
527714230563
524111128069
523314262426
523314518362
526311901664
523318203450
529517556040
528311639306
527712369635
523413295836
523112363482
524615752266
529511841763
528211916690
528312385419
525611633842
528311835279
528110674662
525515055453
528212114329
526311008029
526311119942
526311906283
523317014375
526312487043
526618504003
523318818764
529811581389
522217659576
529619332860
525619581643
523314516281
528115994183
527411516604
524615224411
528712326728
523310485049
522411268718
528713330123
525612645457
523411764134
524111508969
525511121314
523211052987
523111307597
522711110211
527715357937
523311417235
522214394530
523319014281
529516132068
525612830179
523311189514
523310071802
528711144527
526311187451
528611351962
529613095811
523513718910
527711806128
529511058676
523113414140
523311506018
523113965271
524411212886
529812298444
528113012073
522311139161
522217109320
523311470595
523414372132
528711611824
525516467363
525515720685
528119929156
525512459635
523318435235
522217960868
526311241091
528115548456
523310242681
524611840700
522214723166
525619626378
527711736505
523113421187
528211421329
524611123185
528713929910
526811680043
525610662324
523317664058
529511514851
523511693403
523317151758
528712301918
525517035766
522711998920
523314321342
523313561952
523310476305
529811384631
522215784651
528112580325
528712271091
528711257431
523312976483
525617520140
523315314463
523412062884
523310679727
526611368387
525519214996
523414195363
528714170222
526711227205
523511866273
523111674253
522218672740
523317183946
528611329807
529611603236
528112226045
528116270393
526311659731
523313844292
528713963568
522213790286
526312495804
526311027059
523317497425
525611045164
523511662294
523311421407
524614233023
526311375092
522311503293
523111440005
523310901776
523311827680
525513697170
522215824950
527712365442
527712369568
528113892430
525517284085
528714114828
525611123572
529619436583
522415824950
523312756276
526411055350
526313259345
525619600165
524811559694
523317197200
525616715719
522219726558
523313919944
526312497535
526311181420
528711419133
528713784233
523118515313
529614695840
529811215487
528311611350
522212592941
529511180315
528714144426
523112598146
528110823248
526516640563
528116021321
524611080278
525514878298
527716303283
522213241781
523318602224
527711776984
528717352940
529613612829
523314636078
528110559255
523314429198
528714028055
528117270271
528711194690
528116256278
525514902781
529213673754
524412479381
525619259184
525518566073
526311836136
525618571297
523310646041
523314270361
523318723144
526411022739
522212009651
522214398377
526612422006
523318532386
523412064219
523317902520
525511565299
529811829004
522216243400
523512838318
522217932860
528717543303
522217765995
523313392638
523314148899
523317879878
527811001003
523319115215
528118943610
528711762182
523111447898
528717346356
525517029604
528115730471
523511693672
525614829720
523314328524
529515323158
528119760761
524613770593
526611060132
525616688782
525516259271
526311670021
527711392998
528115854316
528713868620
525512596283
526511012478
529811351353
525610408167
528119026061
523113743279
525618857601
523314058694
523311578594
522213071723
523312832796
523111225299
523312803067
523111508936
523310672385
528717834542
523313277109
529618481359
523118474478
526313046128
529618040501
526311771416
523312990212
528714383390
522411349712
523313950459
522711890575
526311109011
525516255644
522711368346
522213493502
523314621739
526313574782
528117439521
529711799852
523911038414
526310987349
526611233464
529813847515
527713832384
526319896138
526311240982
526413217237
522213905358
528418865462
528118668632
523316294913
523314234318
525515917421
528418414465
523317511305
525619241832
528115671032
523315497945
529618472570
528714580381
524111118291
527711252031
525615947200
523412153697
529612647127
523111164674
528719145482
528119748911
523111899429
523113427778
523312683738
525511226886
523112707804
529213675351
528714008573
526311404220
523411755041
524411166836
528713504081
528717881452
523310965742
525610295945
524411358837
528711645848
525618130354
525612417800
526311916571
526311253027
528713441267
525616015475
528115844718
529212306650
522211954971
524111102668
527712400125
523411183403
528713429890
528715625010
522411956478
523315478965
528110410237
525617471672
524613491605
529711431098
523311410364
527712294846
526312995596
522214217538
528311581156
526311685983
523319446371
523511218161
527713797693
529213032993
523111472180
528715487399
523312259681
522215317095
523111456095
529211191944
526311906755
525518393025
528713840438
524412650771
528116031104
524413888855
529511109280
528110234751
529711144245
525615615975
523111592328
522412230299
529612724034
525610775527
523312479398
522216550398
523319424012
528711176255
529612399034
529212694563
523317450143
522216541128
527714199173
526311344268
523113676346
529616721168
529613732579
528714671393
528717691443
522312339413
529613474401
523311005234
526311026659
529811693511
523313295469
529618269787
528116088703
523211002492
522211605850
528711001803
523310925650
528118570588
526311865105
529617006309
529211443996
523316948966
523112661280
528713336971
526311869671
528119828914
523319039814
529619985144
528119830556
528711422058
528116590063
528717951218
528718966217
526311258726
524614066489
525612084926
525613718163
529611551253
525616864601
529618173080
529713507479
525512208592
526311684565
528712653947
528714996217
528110464195
523314600567
523310064148
523311084546
528111693992
529612174456
523111627397
526511046484
526311345577
528211602348
526311910770
525619546721
522215777274
525611087700
523112663301
523114713539
522713756129
528712434981
529516512597
525519865381
524111158718
523112031770
529611807876
524613410482
528715849330
523315363512
526511062223
522217406645
524615345724
529211674310
528714823430
528715751898
525510054271
523313597141
523312476133
523511187325
525611194410
523313107140
523112361652
526311651589
522213409009
523911082078
523310212133
529612498852
528712235748
528717891411
528119604179
527712222536
523111210210
523418799529
525512143822
523310190812
529612367616
529811332498
527713218179
526312488632
527713218156
527713131258
528110311026
527713696932
528117812719
528114738519
522411017620
523111213333
523111464122
529612438942
522218858714
525610542644
525617806935
528713603641
529517581663
522219795959
529617575132
528116830062
528112738640
526615824568
525512468542
522711766348
527713486959
528616170826
526311144740
526612365870
526612358045
525511593313
528112855402
526611234569
529612756902
523317066910
529511774860
528211601229
525513621318
523512104365
529617653729
526311002559
525518850869
529616241152
523117852001
525616516513
526610090809
523311219465
523312279223
522811120869
526618564973
523318705914
529611384669
526311112369
525616213089
526311865099
528117012370
527712333252
527712222552
528119630874
527712365985
525617523805
523112046544
529614690805
528711197461
528311073465
525516473872
524613532107
528712717967
524811452671
528713360022
529616505220
528714340556
523318824397
523316789531
523310449531
529616704434
522216074351
528711568553
524411311814
528110507438
523319853122
528117792159
528713352935
525611879554
528713816045
523310277181
523313971772
528715078757
528711764240
528114850297
524611072762
525512990130
527712247629
528711639166
528117309291
529613535429
523313811392
523511101924
522216264812
522311006957
528717855531
522712244200
529711187159
523111438179
525513591943
523310162077
522713120110
527711795852
523411107972
523312567433
526312499483
523111485085
522213462964
524611406714
528711706223
526311009409
523411568347
522214203046
529811352096
522217899735
523513491035
528311774289
528717100486
529812928630
528611241103
526611308011
528715247648
524614453828
528110326089
526312470021
523113152406
523317979102
522213791272
523313017323
528714995152
528714106612
523319895216
528418418820
525613507479
523211138021
525615317250
52951158177952332180107
526411025043
528311771238
526311662565
522215915091
522218289929
523411762588
525615621927
529711040161
528110782100
524612996919
524811567267
524616866467
523312981758
529613710143
528411005685
528714528970
529811019326
524811563569
523314449686
526311731000
525612348096
525618423763
526313867663
523111221010
529613347380
523317661699
527713540773
526311122867
529614559454
523111218080
527714343531
523111464120
529213330305
527713853895
528711370146
526612114688
526711052189
522712466703
526313030219
526611311131
522215369826
529617064431
529611357510
528711839053
529615013448
529618057533
525618496235
526311064602
526611367748
529618461594
528711177604
523319526036
528118873676
529617654123
529615798519
529612635687
524811268970
529617741129
528117472898
529613489693
529617755884
529514909917
523316924875
522215798258
526312014878
528713750259
524615228503