5541996771388
5544997552553
5551993421351
5528999499974
5534991558009
5547992385448
5527995050356
5547996410443
5535910182468
5537999876894
5538999681506
5547988040692
5548996204546
5534997267277
5551998479892
5551981360032
5551992131057
5541997044714
5545991052817
5551980578210
5551989085878
5544998166014
5544997633180
5534991945091
5527998307665
5527998751593
5548999244597
5553981239829
5542999504713
5541995702863
5547988636990
5543984850046
5551980137055
5527999015547
5551992554112
5538997269548
5534998318382
5544999035116
5544997515005
5544999523973
5551995813486
5541984966061
5544998076648
5551982796879
5547984887318
5547999233609
5546999368074
5541987183571
5551982988820
5551990171592
5538999932566
5541988435044
5534991590195
5549988403325
5541984637221
5543999838364
5538984137035
5543996107200
5545998454768
5541995028270
5551993860009
5548996883988
5541997247359
5534999066142
5548996515835
5548984276085
5527998130796
5548996483980
5542999366966
5551995215510
5544998680313
5527999531432
5534988500358
5541992327037
5541996660559
5551980109555
5543920006398
5551997418030
5547989178776
5538991811685
5543988670244
5527996541036
5535997455063
5551983416070
5541998179822
5527998647566
5535997408588
5547997533931
5541988483062
5547991535460
5541997548149
5551992535219
5551998366423
5544988588350
5551995064096
5542984051838
5551981893900
5527997088201
5541996275928
5551995329879
5542998418183
5537998327003
5547992929389
5551980646136
5551994316156
5535998472317
5551999429034
5534988786040
5548991778570
5527998353101
5534996587540
5527988382067
5551985696709
5543998187843
5538988566377
5544997609117
5527998341101
5538999695665
5527996961150
5545988347790
5538998484493
5551999148445
5551985141019
5551991944195
5541995766461
5527998922615
5538991345652
5551996594662
5528992734189
5543998185096
5551995371441
5551996504328
5541997055762
5551994658639
5527999034977
5527995763006
5549991951855
5551997636041
5544998406614
5541995490653
5551993149038
5542999385432
5551996095214
5544999685946
5535998412091
5527981257174
5535998273202
5538999621192
5548998352645
5527999272476
5527996906109
5538999262517
5551995126169
5549991711778
5527997926037
5551981854088
5534997262231
5551980369281
5537999773806
5542998702839
5547988224484
5551993517228
5543996029214
5541999032780
5527988449536
5548988433085
5543999179676
5541998443822
5541998593969
5544997712269
5543998666242
5527996472599
5527999189422
5551992289166
5551992495855
5551981392877
5544998325061
5541998006709
5534997758846
5541996907765
5549984389156
5541995692118
5551993510773
5543991220909
5544998753269
5551999654537
5551997282509
5545988338598
5544999098428
5535997429302
5543996239764
5548999017482
5527992435272
5537998608245
5549988741568
5534988941018
5549999712824
5534997180912
5547991697378
5534999983540
5547988672984
5543984548437
5534992642957
5543991723020
5541987887219
5544920029541
5544997208088
5549998265539
5542998360320
5541995418410
5551996988083
5548998303273
5541996648959
5527997092474
5551994528336
5548998403572
5541999808671
5547988885051
5538998776587
5549991505012
5544999424269
5541996827604
5527995267643
5551981586738
5544999338658
5551989319004
5544988235873
5543991748038
5551993913745
5548999082177
5538997328120
5547984390812
5547991957259
5543998620901
5551991062600
5547999306964
5542991050153
5547988027154
5547997718982
5549999597225
5544998180102
5527981379513
5537999444995
5537991989680
5544997215481
5527992271640
5551993797893
5527998778915
5544999237175
5542999187920
5551999651468
5551996004308
5544998128070
5543984537024
5551991725538
5535987081405
5528999114594
5542998197145
5551992126375
5542998184687
5535997533252
5551980481008
5528992746622
5535999957011
5535984044332
5534996389363
5551991399848
5551985169714
5548999294321
5551995332823
5537999487894
5535999519236
5542999326271
5542998519743
5551996525210
5541996537843
5548992126628
5551992006400
5547989061354
5542999870303
5543998582034
5551985716308
5541984548175
5547992363856
5551997174089
5547992381940
5534996722637
5527995067163
5541997165058
5547997922144
5549991298700
5541999908414
5527995147424
5541996750773
5547991081038
5551997891828
5548996628739
5543998634279
5542998340268
5551997216496
5538999989107
5547997905417
5527995156075
5535998409302
5547991624651
5543996108241
5547992300651
5547991885067
5551989882328
5538984199594
5545999012075
5547991241730
5541997735364
5551993730818
5541998272167
5542991647821
5543996112627
5547999109506
5553984457752
5541996447996
5546999769051
5551993864056
5527996333116
5538984150590
5551994226875
5551998225447
5551986470135
5549991540136
5551998573353
5545991261486
5541987374471
5546984056559
5534988950380
5537999969478
5544998003474
5544997370055
5544998803631
5545998044491
5528999149290
5542998287058
5551997889536
5548991088068
5551985122273
5535992008549
5541999754886
5551991000065
5535997041884
5541997546463
5527997792122
5538988498931
5535992753467
5534998054093
5548992051910
5547999477795
5535999386913
5538999125138
5541992687965
5545999509111
5538997539122
5551995742412
5551998406532
5542999715274
5527998567538
5527999649950
5548998429167
5543991867724
5551995137109
5542999911496
5544998022302
5535998908396
5541985059377
5527995086003
5543984832625
5547992277349
5543984760422
5534991578865
5538991157908
5538998802479
5547997256070
5551999028263
5551995251332
5549988194106
5549988874300
5551992736689
5551997516060
5548984854935
5542991371144
5549999112807
5542988188305
5534998564081
5527996005243
5527992235881
5549991926321
5541998921809
5551985980357
5535991339155
5544984061403
5548999686253
5543984364453
5551995962181
5527996703725
5549999602561
5551997227877
5553999411442
5544997235124
5543998469758
5541998155909
5541984755597
5543999004483
5544999603946
5548984576876
5549988827835
5544997130502
5545998099035
5551989792039
5543998351443
5541996364937
5544991678988
5534996931990
5547992525889
5544991778831
5549991965666
5527997386640
5547997317135
5547989167033
5527997199622
5551998099900
5527996122702
5535997653501
5551986860757
5551996431985
5535984576041
5549998259423
5551986389801
5548996443606
5541987998323
5544998427877
5541996981494
5527992796360
5541984253297
5543999845887
5551982893055
5553981324249
5541999817614
5546991341046
5547991954451
5528999659528
5546999812081
5538991931393
5544998376890
5547999269754
5541995321565
5551992334200
5547997856753
5551991304693
5527996895567
5551995867017
5543998026431
5551985215230
5551992614086
5551998390183
5551998798736
5544999809550
5547997439067
5541996073466
5527999730038
5551980436891
5542999406950
5537998165664
5551997705543
5535997747417
5543988457118
5535988111131
5547996133867
5547999426996
5542998252136
5541991694556
5541998378742
5541997547724
5527998508752
5547988406425
5548988322851
5544997394021
5547996268210
5547996583216
5547997903648
5527996208921
5551992911704
5542999204985
5541999289615
5551974012182
5551981320527
5551992698059
5551997373564
5544997623701
5544998222561
5535998241292
5549991248242
5551995396337
5544988015038
5534998877413
5547984439774
5551980361002
5538997271596
5534991567609
5528992528775
5538998671709
5534988747637
5549991489643
5543999281709
5547997318586
5527996695828
5541995436061
5553984046966
5544998508135
5551996381903
5527996900989
5551993508511
5544997147956
5527996339816
5534992084487
5541998233209
5551998675966
5544999087213
5527981344510
5543984240613
5551992312849
5541987746308
5537998325065
5544988037789
5547997248879
5538999036471
5528999681152
5544999322642
5551982497103
5537998667700
5551996913252
5551990055081
5542984351038
5548996022723
5534996766175
5541985054779
5538998385033
5537998145987
5543999619658
5527998823817
5541998297247
5545998024092
5547996879762
5534991335961
5542988907494
5534996483442
5538999469469
5541997045189
5527997908206
5546999135169
5527996633870
5551996501675
5551985651439
5548991303757
5548999943800
5551992614300
5544998949048
5542999645769
5547999939144
5541995840679
5535998340981
5548999444278
5527995758218
5543991098712
5544999238940
5551999458674
5527998402141
5541984265620
5538998999432
5534984336321
5541984704961
5551984199795
5551981676203
5553999384624
5541991625149
5541997266827
5544999822220
5537991641430
5551998344893
5551985385587
5544991087770
5538998630471
5537998272284
5527997353958
5538991055204
5538998019736
5551992467513
5542999888533
5541999013826
5538999793001
5548991746039
5541995818657
5535910187281
5544991578095
5551994938838
5541997300775
5535991080079
5527999099034
5542998171433
5545984310139
5527998461571
5543984931062
5551984982001
5534997906697
5542984099667
5551986129632
5541995867200
5538997451063
5542999553996
5546999381801
5527992932098
5541984964471
5542999446809
5547991374603
5543998639715
5534997074823
5537999638218
5543996177678
5544998038446
5537988294264
5538998129218
5534998009271
5535997791348
5551992175543
5537991992973
5551991130853
5543998222600
5527992681521
5527999777687
5544997109036
5548999694717
5535999363591
5534992426209
5551995258765
5551991882996
5543996675832
5548998347057
5551992460642
5548999058566
5551995671790
5543999347484
5548999463876
5541998487109
5545999123787
5551996274151
5551998148873
5543991484465
5541984169912
5541988989835
5534991064847
5551980988631
5534991489585
5541992729829
5528999351154
5542999176912
5538999485019
5551996256611
5541988925429
5534996352273
5548991632187
5547991309433
5544984541678
5541984064290
5548985003816
5551999491812
5551986126858
5528988092517
5527997142704
5527988198514
5551997032772
5535999752246
5534997418565
5547997435360
5544997221365
5551982995670
5544988440091
5549999949267
5545984360991
5534998089949
5551995115279
5544991338105
5548991610393
5527996262347
5535998174649
5547988250899
5547999948526
5546991100672
5543996456841
5547988591904
5547988976029
5551995016069
5544998767423
5548991597536
5534999099312
5549998407906
5551985258571
5527999827506
5548996153450
5544991809440
5542998609769
5527997663382
5534984370335
5544999752102
5547991033983
5541984642393
5541995581245
5541997837964
5543999220246
5541988628574
5541998596176
5551990066989
5551999417811
5548999270679
5537991482163
5535997756475
5538998198100
5538998411219
5527998531278
5527997480434
5548998372630
5551994007446
5544999641206
5551998627607
5548998214057
5548999883375
5534999374976
5541996011399
5551982478063
5543996734031
5527981282255
5548999192991
5534991849347
5527997603363
5548984274561
5528999414965
5547996647079
5543999129735
5544997764273
5538998712088
5538999145969
5541987609874
5535991392747
5551982392341
5541998831058
5527998719699
5541984450358
5545999851326
5551996565355
5527999033162
5528999332948
5535991279217
5551992126801
5547992177039
5541996206047
5551993007020
5551999471015
5551992582361
5541988396107
5551993531403
5542988041830
5551996441865
5534996998377
5551993608044
5551980231737
5547991158402
5527992569096
5527988162997
5548984945490
5528999921780
5542991380275
5542988093539
5538988598413
5542999999597
5545998601957
5534996493201
5547991633503
5543996311907
5547999587053
5544998160320
5551980650532
5542984013399
5527999926825
5551990115004
5545998313860
5527997771064
5543988432519
5534992316298
5527996072423
5551998589954
5551999435422
5543999149700
5537991072557
5547991756454
5551984704003
5535999232227
5541995279322
5551996146147
5548999332527
5534991846099
5551997862303
5528992767893
5527997031773
5551986063993
5549998081939
5551984785384
5541987141796
5541984766842
5534996488222
5527999140651
5538999574576
5548999309324
5551993103910
5544997698982
5551992473937
5548992050922
5541987414050
5534998283186
5548998161470
5551994155766
5541997983498
5553991477444
5549991752515
5527995198347
5544997702341
5527988614748
5549988068204
5551998354665
5551995137509
5553991683305
5551991614384
5543999772267
5551984737229
5537998354293
5543984245822
5548988594046
5527997932524
5541988236754
5551997728347
5541984370646
5543998567711
5538997452262
5542984063548
5549999856949
5544997000949
5544999203762
5527996419312
5527992473330
5548996420243
5551995172398
5535991257144
5549988732504
5551993694153
5534998819686
5548999249838
5541988140657
5543984383286
5551982802409
5538991541120
5538988446605
5551999828167
5541998138322
5527988423916
5548984651466
5551991713730
5551996656172
5544984181388
5541995839294
5551998770039
5547988852336
5541999376729
5548988806378
5541997209259
5551995197246
5549998187775
5551999166938
5527996151334
5547997706342
5545998363119
5551995627339
5551992960818
5548998160677
5548988562012
5534988434258
5551993637327
5541996249486
5543999288879
5547988935972
5543998715857
5537999920672
5543991771229
5541999177311
5551992481100
5547984167553
5547996605497
5542988718967
5546999010461
5551989060684
5551989747257
5538988196551
5534996538276
5548999927435
5538991162726
5544988179391
5538991754041
5537998015652
5548984706575
5544998493972
5527997685094
5551995869361
5541985384709
5549991266063
5541996549383
5547997079193
5544999898124
5538991241061
5534991278696
5551994503840
5527997957859
5535991190891
5544999739635
5549992002273
5543996561657
5544998394535
5546991254889
5534998621081
5534991455140
5527996344460
5551996644654
5544997747486
5551992595332
5551997025201
5551991539032
5551998365802
5545999334609
5545998110939
5543996335082
5538998670330
5549999511378
5544999405886
5544997557603
5527999656901
5551993827889
5541992676356
5544999979047
5544997311315
5541992630270
5528999156787
5538998711521
5544998520554
5551980155413
5547992487655
5551984342906
5538998270094
5551999805475
5551997634350
5543991940728
5544997698570
5551993533580
5527998017946
5544991683907
5547988113035
5548988213850
5547996390976
5537998386787
5549984037317
5528999746580
5551992488715
5551998251454
5537999318493
5551999077727
5542999861422
5548996795117
5541991881211
5535999723563
5551980195705
5542988158395
5538997296773
5528999292849
5541996712258
5551994426038
5551996280692
5551996432099
5553981110976
5544991265538
5545999463933
5551982457885
5551997584457
5527998701066
5535988148832
5548991910146
5553997029565
5537998401695
5547996537989
5541997255015
5527996869578
5535998817925
5535997469974
5549984046384
5527998085317
5527988271931
5551986539649
5543999386827
5546999755654
5527998273931
5551993973715
5551985884231
5543998105338
5543996203824
5551998218969
5549989041563
5551993366918
5541995788623
5527997913685
5544999140535
5551980881662
5527996403994
5527999173044
5551984006100
5544997501195
5545998010363
5537998702677
5551996034451
5551997161235
5548984029015
5553991232883
5547996302169
5547988069903
5544991496968
5547992492981
5545999333493
5551991383008
5534991142474
5527988238351
5527999577277
5551997722062
5542991445947
5553999006506
5541999549990
5551996677681
5527998528808
5527992599000
5534991962876
5548996286485
5551994016817
5548988798623
5548984461065
5549999963346
5551991403962
5527981665133
5543984840217
5544991069422
5544984470271
5551998762960
5542984032451
5548998532746
5551981367335
5538999946692
5544999438914
5527988146933
5527988818542
5551999083609
5551996523897
5547997087199
5534997975561
5543996703085
5548984293892
5551994257850
5547997009540
5551996367247
5538988178447
5551992938845
5544999375554
5548991384329
5528999780747
5534988563120
5538997284312
5548996244256
5527995896367
5547997952357
5549992011481
5547997933530
5538997418835
5549989043877
5541984780497
5528999993095
5538988430068
5541996970783
5541998786479
5551992624001
5542988809427
5535997782372
5541988644195
5544998615372
5551985861050
5543999937306
5537991208109
5551995711447
5543998100690
5551996440173
5541999359248
5551999012804
5551996808111
5548999190570
5544991614730
5544999621358
5551980311421
5537991931018
5551986398244
5546991304576
5547996569389
5541988687417
5551980403014
5541996520762
5543996102880
5551982617482
5541987433677
5551996852922
5551989456045
5551981549513
5527988644064
5541988741689
5553981207587
5545998490932
5535920022978
5545988333759
5553999472099
5551995755560
5541996955485
5551995266864
5548988419109
5541991398977
5551980528833
5547992736855
5538998518136
5544999151984
5551998052410
5551991064920
5541998280379
5541998407788
5527997944499
5548998534025
5547988086886
5551999376955
5544997501363
5543996781083
5551998811816
5527988128231
5551986100304
5538991143678
5551992890862
5544997236134
5547999348902
5528999234631
5528992790441
5527996420944
5547991797817
5527999168908
5551991583973
5547992019274
5527988229307
5542991190845
5543988147663
5541996481353
5527988497790
5527998719438
5549998409511
5551999536619
5551985716842
5543984275425
5541995038925
5548999334825
5534984390196
5541998290580
5548999453427
5553997055577
5551980387947
5551995361722
5551983531220
5527996523874
5546999792784
5527997093174
5535988229392
5538998129151
5538998397045
5538991685696
5535998376201
5544998193638
5534991420159
5544997091421
5547992326151
5534996397333
5541984840211
5545999925970
5541995660422
5527997237724
5543991234144
5545999124690
5543999695560
5541997018720
5544997696735
5534999629112
5544999914782
5527999521029
5541987984241
5551994578556
5541984611056
5547992733992
5551990118699
5541998823964
5537999439566
5543991932396
5551992240527
5535984599889
5551980622984
5551996553665
5553999382689
5551994536420
5551994501719
5527998172012
5551998215584
5547999949170
5527997822218
5551992002474
5527998059276
5551996907422
5528999825403
5542999325103
5541996024873
5527998639399
5551980244694
5547992485090
5527997619866
5551994259505
5547996977645
5541984839411
5551992377333
5535998535363
5551999528050
5534999160031
5551991789244
5551993271277
5551991633496
5541995229222
5541998536193
5547991670950
5549985054433
5544997281427
5549991462701
5547991551794
5535999482360
5537998733062
5551984987955
5551995946976
5537991564518
5542999433442
5534996362686
5534997289301
5535999689087
5538999277050
5547988862294
5541996210177
5551998279392
5544999908629
5537998129492
5541984582106
5541997343605
5547997367809
5528999475930
5541996514257
5542999640417
5548998226331
5544997410911
5548998397261
5547997519210
5527998394947
5527992719730
5547984666575
5534992723761
5543998249753
5551996402190
5541985355639
5544997545691
5527995255747
5538997573071
5548998154808
5541998446909
5538991124858
5535998739271
5548996749452
5538984121898
5543988472171
5527988021186
5543991970920
5544988121197
5527998436360
5547991024816
5548996800609
5538997557028
5527997555979
5551997662819
5551997758108
5551991725330
5551995169773
5535998546323
5547999158429
5551980302276
5551981570062
5547991351182
5544988436504
5551999262921
5544988415033
5527998888888
5551981226748
5527988237986
5541998786842
5527988213226
5538998413848
5527999552470
5544998697374
5538999001987
5551997624146
5544988591814
5541998770786
5543991224142
5541999390112
5543984766302
5544984348394
5537999952213
5544984266566
5551996597263
5534996320014
5543999894828
5541992538177
5544997733879
5551993022639
5527995272717
5549988952419
5543996020831
5541987033883
5541996420152
5544988426671
5534997960844
5538997304466
5535997441615
5527988488016
5543984123809
5527998495888
5541995654364
5551996466339
5541992188607
5528998812918
5547997090600
5543984270300
5543999090325
5548988437608
5551997259289
5543998262235
5535999756039
5534998672269
5551994844106
5551993844911
5543999765903
5538999668515
5544999331530
5527981253739
5545999208935
5553997119934
5527999327806
5551985095627
5551992947289
5538998205901
5553992112605
5544998370833
5551997236892
5541988905497
5543998439846
5543998623716
5527997411953
5538998157728
5547988922821
5527999369267
5551999310818
5547991052237
5543999299609
5547989031813
5527997023174
5538997472645
5551996216452
5547984835114
5547988533570
5551984095593
5527998345699
5551991394922
5542984151483
5538999850584
5548999518564
5541999987394
5549989211720
5548988391113
5541998167241
5551992157448
5535988055070
5551982179527
5549998270715
5527988646394
5551995979634
5544999529288
5537998142930
5534996684643
5548999285856
5548999741969
5547997803999
5551981770267
5547984664533
5551985949469
5527996003877
5551999930652
5537999445731
5543999556783
5534996969459
5527996888510
5543996807351
5551996483673
5543984056852
5553984448941
5544998195532
5551984314283
5535998170554
5543984772843
5534997890917
5547996453387
5551981230756
5553984094763
5541984127477
5543984740570
5541998794163
5551995832834
5537999624328
5527998760473
5527998401167
5541996956549
5541991774446
5551980264746
5551999061913
5543988201400
5542988741345
5553999033269
5551991014999
5547996802676
5548988602599
5543984145426
5527997537762
5538991700484
5541995039887
5542998170715
5541997232154
5534988263299
5541987882873
5527999085607
5544998167532
5549991574389
5541991827884
5541987988883
5551994388520
5548996643010
5548998361242
5544999892675
5543996061651
5547996681819
5535998818906
5541995715564
5537998768212
5551994379372
5551996872622
5543999211278
5551995007685
5551989557468
5527999370478
5551981220967
5547999767612
5551983235771
5527999179481
5549998307856
5551985523517
5544998453763
5527995289433
5548996165735
5549991603291
5551991586524
5538999517829
5541999171872
5547991225729
5535991858140
5549988825911
5551999053245
5551980347235
5527999262028
5543996098620
5553981119732
5547999196064
5544991289299
5527998563306
5537999950622
5542999010334
5544999052409
5535984237149
5538999689284
5542984149001
5544999798563
5527988711836
5538998951141
5544998723650
5542991332792
5542999103949
5545998329231
5544999089500
5551984881051
5544999038472
5551989648419
5528999314800
5551981832228
5547992535660
5551995323462
5527995336598
5541999963828
5542999306456
5541988661603
5527998724562
5548991067469
5528999501467
5551994582674
5541988225041
5538999486035
5548998442587
5543984086806
5551994490404
5543920022455
5527999167342
5547992541647
5547997472230
5541997184311
5549988136921
5544999453928
5541999352606
5547997787097
5527998753898
5543988514828
5544998738380
5541988466119
5543996723182
5551986033680
5541991438897
5548991481092
5527999969253
5535997562802
5551984138336
5551998652091
5541998158599
5541988914607
5551995254794
5535992054128
5538998830240
5541995931190
5547991261371
5534984283104
5548998185315
5549999769900
5551980130821
5553984222940
5551985624259
5547992170588
5534984105481
5548996013535
5527998008598
5547992607212
5543988522079
5551985871317
5542999237460
5537998355942
5551996997224
5541984643381
5551991687007
5528999188776
5551989675894
5551983178589
5544998273141
5551980549305
5551998349749
5527992019973
5528992586876
5528999814535
5549985034432
5551981964037
5527995129062
5545988243878
5549991730690
5543998078528
5551998752047
5551995804663
5547984931158
5545999328961
5551985028080
5551991905950
5543999765047
5548992113812
5551998596098
5549991187221
5542988909622
5541996207720
5547984357146
5527998783957
5541992888217
5546999212709
5551995627257
5527999612401
5547984338936
5538984259513
5541985387889
5542998182223
5541987751691
5542999265523
5551980506179
5551997341794
5527996929131
5553984379630
5541996399837
5551992932497
5527998577787
5541997867507
5545998468238
5541995115134
5551994372203
5527997989753
5527996383352
5545999431823
5547999643953
5543998151558
5543988186205
5541997607267
5548991995945
5548984476954
5548991708072
5549999356522
5527998405148
5538999416950
5547991761011
5544999998494
5542999356925
5527998687406
5538998320974
5551993784142
5551989836147
5527995187790
5537998262724
5551994121487
5548996473569
5547991765117
5538997328011
5537999595811
5548984064759
5527988556269
5551999485314
5541999199391
5538997461243
5541996881302
5551994300661
5543996706062
5534996814342
5544998639242
5535992101582
5544998634574
5542988180528
5534998374019
5551995457461
5527996277362
5527998606711
5548988750206
5544998969305
5551994404003
5549999054379
5544997558046
5548996877304
5541999195298
5542999690617
5538992635647
5527995812592
5541988159036
5542999347856
5527998522524
5545991542589
5551998715859
5538998232193
5544999303105
5541997359346
5551996460605
5551981461623
5543991891956
5551997621660
5541998379390
5538999906195
5542999933137
5547988177556
5548996493663
5545998429724
5551993633412
5553981619751
5541998794007
5538998591414
5543996198821
5527998183178
5551990193374
5551994149640
5538998453463
5527997224987
5527999528521
5542999265100
5527997801994
5551995248989
5546988246998
5527997374880
5551992886176
5544997405346
5541995248972
5538984038864
5544984398490
5534997085913
5547999002353
5553981318917
5551992651470
5548996678915
5544997750665
5548999905308
5547996268233
5527996019264
5543999594989
5538988384200
5547997822953
5548996519717
5551991568833
5535997015439
5535999763444
5547991086764
5535988285092
5538998513134
5551991205363
5527995904186
5544991848125
5553984529756
5541999460902
5551985888300
5553999962546
5538998552138
5549998219185
5527999361931
5544988682523
5541996495660
5535984760428
5551985958843
5544999260139
5551997725431
5547991978466
5538999264711
5541999479414
5542999664063
5538997478030
5541984024936
5545998176365
5551999227029
5541988657837
5541998760589
5538991223986
5547991348966
5547988540899
5549998177499
5547997450093
5544998997552
5543999837325
5527997320954
5551990162734
5527995174484
5547997107909
5551985504314
5541995641694
5527998239645
5542988367074
5543998310210
5548988774450
5551997758471
5541984892996
5538991296019
5553984186964
5547991738023
5547992652440
5543991599698
5543998495371
5548999098424
5543996079899
5535997236470
5547984578342
5527999617241
5527988473297
5527998887776
5543988412553
5549999663292
5551991452585
5535988942413
5547984131752
5527996223883
5541996315697
5551993396224
5547991798468
5551991046545
5544998312833
5527995309037
5553999357187
5544991312530
5551986470229
5551994823829
5528999018268
5527981268478
5548999424599
5541997260514
5527997613242
5544999987164
5551998428635
5544991517327
5543998670606
5541997680417
5547989151290
5535988871268
5548991730249
5551994214592
5543988472255
5547988951524
5528999261241
5551992105220
5543998204602
5544998911174
5551980466072
5551986910733
5541999832445
5527998743350
5535999889530
5547991426559
5537996705730
5537998195423
5548984668779
5542999352201
5541984551406
5547997665324
5537997794257
5547992115902
5527995173354
5548996093760
5551989316498
5534991796659
5543984221251
5544998027144
5527995829796
5544999255853
5535987162034
5542998523994
5534998955206
5551989574776
5542984185450
5527992525267
5542999701699
5548991028692
5551998237613
5551994809265
5542991395871
5553997085074
5541996724589
5544998188267
5549988469970
5551989770455
5542999157271
5547988730772
5527995818638
5538998754792
5541997832306
5541991084203
5527988458006
5535991646312
5553984260336
5551991665921
5537999862077
5527996945875
5538991888644
5544998748571
5547992816136
5551984449308
5551992738913
5543996404615
5547984843273
5551992905927
5535998108794
5551994269514
5548996319031
5538988525785
5543991517966
5534996588821
5527999291258
5534991439171
5528999417954
5527998200483
5553991326826
5527998288910
5541996637396
5549988549665
5534984393126
5534997173182
5527996535148
5535984314985
5545998053757
5549991884107
5544998173146
5547989138554
5551985172377
5551995032956
5534988118069
5527995097799
5542988354163
5543984327987
5543999007106
5541996540528
5542999224114
5551998265247
5538992498768
5535997176108
5547996869910
5541992862561
5541987048925
5551985633372
5534999522361
5541920001197
5547999317393
5544988217999
5538998157244
5527988587110
5543991216118
5534996705809
5547996257219
5535991140781
5527995177720
5551989342174
5538997483093
5535984152425
5541997002043
5551980510557
5538998687775
5548992082429
5537998553416
5538998865759
5551999229917
5551980560105
5545998455186
5538999895534
5547991456687
5538997478340
5535988518783
5548991753341
5551998609464
5547997492611
5527981234396
5527997503229
5551992406795
5551998724758
5549988080675
5546988005882
5543996564853
5548991190091
5545999043709
5551993443507
5551995585269
5543984138184
5544999081066
5528999408638
5534991157299
5542999682386
5527997506546
5547997922620
5544999945720
5541996383728
5542998356787
5547999864615
5541995464237
5534998682436
5535987097622
5545998455842
5551990176622
5527999741807
5534998883348
5551998095384
5537999422356
5541995498311
5528999083752
5527996114128
5543984232846
5543998129321
5541988226883
5543998193858
5545999825827
5527988524575
5541999551863
5534998256292
5548984924046
5548996763117
5547992529595
5547992374588
5544999356309
5548998180563
5544998498863
5527996512946
5537998197455
5527998884847
5545998395054
5541988475640
5538988155429
5534992291994
5541984439032
5534998280994
5527997117299
5544998602439
5544998730747
5541996306067
5548985050140
5543998547088
5551981537103
5551993034930
5527997838386
5538988121425
5551998453079
5551989608655
5543991002247
5545999371632
5535999436148
5547996799112
5544997208250
5551991203084
5541997072735
5547984400548
5541998941715
5545998466843
5538998639759
5535988713132
5545998458751
5551996301591
5544991751229
5527999833324
5551995814673
5544999558493
5535992270187
5544997207836
5527992770784
5527997931345
5544997256728
5547996757436
5535988973447
5542999347903
5542999116241
5537998437232
5527988167159
5547996773165
5544997341589
5541987916849
5547992243633
5541987530890
5553999346240
5551981873841
5547996425752
5551998470318
5551997085678
5535988962193
5543998203173
5538998776016
5541998337845
5544997540827
5544998207401
5546999348178
5547999181828
5551998711796
5547996587875
5542991485375
5551995570270
5542991311729
5534998975007
5548999243808
5551992754986
5547989089974
5549989027805
5548984859002
5537998423552
5551993037335
5538988538668
5535987131921
5545998372363
5551984764091
5534992667365
5527995120929
5544991648198
5544988063363
5548996015495
5547999034324
5543998336220
5537998752498
5542999770377
5551996851825
5551996011301
5538999873822
5547991855676
5541996228169
5551992144539
5538999759678
5543998458715
5527992367120
5541987760683
5527999082153
5547992696142
5537991654867
5548999355292
5548988598539
5551996951358
5534997244907
5527992335345
5541988096619
5551981599666
5551981663459
5541999717082
5548991262727
5544999370640
5551989397363
5542988900470
5527999060780
5527996522617
5547988706091
5534996669587
5544998015060
5543999847729
5547991483283
5541998752587
5527995327561
5543996431622
5541996800534
5551981249055
5538991169241
5534998950263
5551997544385
5545998205136
5551989534717
5535987082996
5551996393069
5541988190357
5551993341848
5547991107945
5551997412391
5541984052701
5541996468920
5534987190566
5534998080114
5547984465832
5527998024173
5537998730314
5534991562611
5541996952158
5528999306164
5548996080688
5541997418294
5547997435912
5542998719701
5543998224506
5547988210179
5543999638136
5544988150249
5538998584796
5537998191692
5548996230932
5542999431352
5551991211591
5545988190610
5551989622808
5548999605161
5541998966477
5553984696887
5551985385719
5527995898196
5542988675665
5544997445584
5548988134794
5543998452778
5534997133960
5542988597032
5547999997094
5534993135274
5538999658081
5527996010688
5541995536782
5551991196012
5551984676965
5544998488898
5549999011957
5547991651025
5538998022524
5551989976119
5548988216443
5541998193559
5535984329521
5527998340296
5547997394042
5543984779704
5543998400673
5527999666005
5527995905951
5548999683360
5535997457507
5551990117803
5535999193436
5548996132393
5541985093578
5543999694932
5544988448201
5541974016534
5535998072279
5534991274021
5546988270298
5527996861887
5547999144523
5548991193986
5543996150186
5528999939991
5541995977792
5527996668647
5547991323616
5543999265567
5543988387106
5546991134997
5538997464926
5541987928696
5551982431327
5544999871354
5551998303557
5544988455806
5542999147548
5541995313677
5535998843549
5544991818522
5547997023604
5527995732936
5544999355904
5538999581115
5551981484457
5551991486482
5551996078270
5549984195604
5537988546820
5542998193167
5538988442712
5544984064854
5535997530185
554991268863
5541984644953
5551998285779
5547996260071
5528999401408
5547991902840
5546999241539
5541984402199
5548998137770
5527996384976
5548996884999
5551995703426
5548999812731
5542984011012
5551995998804
5527998441805
5547992051187
5534996533951
5551985311254
5551995819540
5538999079558
5527995896366
5543996021726
5534984146009
5538998796551
5544998677510
5544988424962
5548991469252
5527997075851
5544997052303
5553991406733
5551995704614
5543996735778
5548991990302
5541995995712
5527992588979
5541996698210
5541997225541
5551984519649
5544998741211
5551986391057
5551990096639
5527992645864
5541989019834
5534997066878
5548999655947
5549998282866
5538997255775
5527997487030
5527998948347
5527995007060
5535991971651
5541988227726
5527998111112
5538999944488
5527992677424
5544998113530
5541995680245
5527997823179
5547989162749
5545999500400
5527995732224
5549988472585
5534998099072
5527997524451
5541987817975
5551992056639
5547988128846
5551992260970
5543996792710
5547996331462
5541997503783
5527995293779
5543988674215
5551996099209
5551995876781
5535991133464
5534996877958
5551981852903
5541995308878
5551998892940
5538997403592
5551992437805
5551985021139
5547984895346
5544997490271
5551984303750
5551991378390
5544998883686
5543984272038
5548998390554
5534992914403
5553981190264
5528999074880
5551996662806
5541996944883
5534992437533
5535984136593
5538998704492
5534996785896
5548992053521
5538988341791
5535992430842
5544998856114
5535984196684
5551984796469
5547999623660
5542999633501
5551991545733
5543996036521
5548999279881
5541998532968
5548984303290
5541999038861
5548999539822
5527997841889
5538998621411
5551986484768
5535998935196
5538998802400
5545988322580
5527988186271
5541996809825
5553984364430
5537998131852
5541997323502
5537998742822
5527999846360
5538988425504
5544984536353
5551998460729
5551997867032
5544999916363
5551997195561
5551989064112
5541995912810
5551991361655
5543991255270
5543999191811
5538999951608
5551991377685
5534998177733
5547997143405
5527997254261
5551995996941
5548999189248
5551989298162
5538999319861
5541999033092
5527998010495
5548996760928
5538998050047
5541987489856
5551992020694
5527997258191
5537999390532
5551980262023
5535992756268
5534991438445
5535997258786
5544933004041
5534991864245
5549991956532
5544999679391
5541998179231
5551982452850
5551983539369
5551996889659
5534991336320
5551993690199
5545984177134
5527988660295
5549999502363
5541996703165
5528999056839
5538997232412
5543988016770
5527988716834
5547992144246
5541999165371
5548991465570
5527999143169
5527998196448
5551992580294
5542999275033
5553999341008
5547999048780
5545998122907
5534993311900
5547996005483
5548998493291
5551996952494
5551989092273
5542998095579
5538988451182
5544999666988
5551981637023
5551995119795
5548996456029
5535998556229
5547996010962
5534999187181
5538984098722
5548991247648
5543999801907
5544998153227
5535988652442
5544999827780
5553997004580
5545999387930
5535988524228
5534997092487
5551983080644
5538998145881
5551983303074
5535991189550
5551981062373
5535997211371
5541996950445
5541998132456
5535999937895
5527997602737
5527997433844
5551995940110
5541999746938
5544999514940
5543984063626
5551995051892
5551994302733
5545999052453
5537991912762
5535998375125
5538992622500
5544999294254
5543984171542
5527998782061
5527996635519
5543988462165
5551989481266
5551984941017
5547999549046
5527997468839
5547999497305
5535992030978
5551992266592
5543998211179
5537998633051
5547989135441
5551991814771
5547989118958
5541995645952
5551999896648
5548998079314
5547991614552
5551996639826
5527999583570
5527988496911
5551998079392
5543991838816
5544999794022
5548991449605
5551989206262
5527999242369
5534991005443
5551995785549
5551998477205
5534999191443
5551999923052
5541998401075
5544998940226
5541991773728
5547996068236
5538998413199
5543996736603
5541988702959
5535997261115
5541997832255
5545991395999
5538999947130
5551981608468
5542998661564
5546999389268
5545999534460
5549985033823
5547992937382
5548998301341
5535992425648
5544997084701
5534988655277
5535998428609
5547996252471
5541991983128
5543996329464
5541998024743
5547997013451
5542999610309
5548984993560
5534999510998
5551994412918
5544998899311
5544998797115
5551991043381
5542998558221
5527988638367
5549988538953
5553991935395
5547996838366
5541984060245
5538998427998
5551996590047
5538998302100
5548999501030
5527999105587
5528999041227
5548996369239
5551996951724
5548988007603
5527999628216
5551999027891
5547999212141
5527998347222
5527997329335
5544984360892
5543984593229
5551986361800
5527997411450
5547997792572
5527998197780
5545999927109
5548991210594
5551994284244
5547984991639
5544999285846
5527995224300
5542999993251
5551984784458
5548996682834
5543984613507
5527995059727
5535984113589
5541991900007
5535992502464
5535999830881
5541997193696
5541998904911
5527998310014
5548988443553
5544997291564
5547996621485
5551994512532
5551982183112
5534991510283
5543984865535
5551980597790
5544998697990
5548996028374
5528999397026
5527988335516
5535991560566
5527996690417
5543999150307
5551996776354
5551982653742
5544988239380
5545998595728
5547996714484
5545998431992
5537991318595
5551989205893
5537991354936
5548996885693
5549984009499
5548998150771
5551984561821
5527988872972
5535997785399
5538998977210
5551982387990
5534992033447
5551985962614
5541998727198
5553991203906
5535988382876
5541992426559
5551989336785
5551981281840
5541995882026
5537999886853
5543991131957
5527999752987
5541999546449
5535992582200
5553991188783
5534991551249
5551991896432
5547997187515
5542999341886
5542998092259
5544998878450
5547999476249
5527996910451
5548996573472
5542998420381
5535991590783
5551995917485
5551980482284
5551995614262
5544997014233
5535988389785
5551996243767
5544988047218
5541995182587
5528988082130
5544999702434
5547988834229
5538991110649
5538988416727
5543999102878
5544998397532
5537998654417
5541992677119
5551995352628
5537998022592
5542999345352
5541998416237
5547996523276
5544984131873
5541998212734
5551989777796
5551996963909
5547999366644
5545999273227
5527999789710
5547991061643
5544999009532
5543999640543
5544998482753
5538999313720
5551995729021
5541991217121
5542999449976
5548996928363
5547996872800
5541996500275
5547996604331
5547992062995
5548998296499
5543984119613
5535997619316
5547997112172
5541991747680
5542998240551
5544997299966
5542999252833
5534984109524
5553999789223
5535992261721
5547997030092
5542988151256
5527996575227
5538998202541
5538998761569
5551998247508
5544998385748
5545991081351
5551997389018
5538998544937
5527988717702
5527996130983
5547997151365
5535998640970
5527997552515
5547996344945
5551980347558
5543984070859
5551985421874
5527996153592
5551980704360
5527997446003
5541997296022
5543996408559
5551990128305
5544999573221
5548992063257
5541984998372
5534997293025
5547999659594
5537999280913
5543998479198
5544984350219
5551991705842
5543999384480
5538998936125
5541997003739
5548996450776
5527999201852
5541997382720
5527992944750
5543998355830
5547999897568
5547999263256
5548999090774
5535987036007
5547997641694
5534997395695
5527999563191
5527997346431
5541995874070
5551996296128
5534991763650
5528999153409
5541985041261
5544997570225
5527988181874
5541999435673
5545984166673
5527995113357
5535998350182
5527995822706
5551995760916
5547997246875
5527997713493
5547996670817
5545984221077
5553999138829
5551991995815
5551989613077
5543984627952
5527996920906
5534999324982
5549991980226
5537998240130
5547997171780
5547999700481
5527992542270
5551981489306
5544998716425
5537999266172
5542988333335
5545999656181
5535998828308
5551995076763
5541996047234
5551997553792
5551997033585
5541997945783
5543984374048
5553999969949
5547992011855
5551994463314
5541999715062
5527996636756
5528999250054
5541998783973
5543988740221
5538998810743
5537998768770
5542998381230
5551996196520
5537999073254
5542991225607
5535988660513
5544998584501
5551998725753
5545988250163
5551992961847
5541998375832
5541991372349
5541995121246
5547991430080
5534992719967
5543996063724
5527992422328
5542999626629
5527997360232
5538984367459
5541998647887
5551992199001
5545999385506
5541988175149
5541997387828
5547991328238
5535997043126
5551984624717
5534993146234
5549998357684
5541999232587
5551982312525
5538998833737
5528999291672
5541996764116
5544997427607
5553991061352
5544998016884
5551998289166
5527996544170
5527995131753
5538999775391
5528999359395
5547992687002
5551998190116
5548999998930
5541996884910
5548984253248
5538997221626
5543999745132
5543991467140
5547992791348
5551982272817
5547988172411
5541996030253
5527996210434
5538988280701
5547999601488
5535998889775
5535988185333
5527998724941
5535997494855
5551990131393
5547992000827
5544999534342
5551998630342
5542999706863
5541988959700
5551991187378
5544991526696
5551997929402
5534999021175
5544997304864
5543996224397
5551989499808
5542999975141
5553984473902
5535999700037
5527997317986
5527996295090
5551993240558
5545988313824
5551991016280
5538999661093
5544998802337
5535991965186
5544999213198
5544998253433
5527997776678
5551995804019
5551992846559
5534998114918
5535997322950
5544998513301
5548996302358
5548998305510
5543996061277
5551991996000
5537988338701
5547997794473
5541984074835
5543999255844
5547996161136
5541992332899
5541997350367
5551984350125
5551999290096
5544998487922
5548998605852
5527996915005
5543988408252
5541996889408
5547997884162
5537999091244
5541996272176
5551984779128
5551980325936
5541984143866
5551998301337
5528999320737
5527996279992
5538998977192
5527999572294
5547996315491
5547999054632
5527997810597
5527996617788
5544998888826
5545999294495
5528999202349
5553999734866
5537999995355
5527996177414
5534997326920
5551984944837
5534996463934
5551997262498
5542999904310
5548996409877
5534999425085
5542989898989
5544988183671
5542999073935
5527988879812
5547999669308
5551989811616
5527997493355
5527988167810
5549999401569
5527995055705
5537998284247
5544998316754
5544999960413
5551981143591
5527988000863
5542999069348
5535999539984
5538991145587
5543998248768
5538998737534
5538998865699
5549988010479
5527996055360
5538999025946
5534998404146
5551991287748
5551991983337
5547992485154
5551986167018
5541992671870
5544991345176
5551994814670
5542999797365
5538992579630
5527997558679
5547997728494
5553991345945
5527997355193
5538988666587
5544991819077
5548991894122
5542998077846
5547991302787
5535998134693
5527999506331
5543998299444
5547996369634
5549999377582
5547996037525
5527997745188
5541995826900
5527995750732
5544998480016
5549991255778
5551981963914
5544999359764
5527992946836
5541988991900
5551996965914
5549984188367
5544999450390
5537998246129
5549999445448
5545998261373
5548991716447
5538984240096
5544999065284
5546984157084
5537999067540
5551992955532
5549988043475
5551993108469
5547991487129
5527998123400
5548996209523
5543988550291
5542999172013
5551985166287
5541997386683
5551991120275
5527998876685
5548988660877
5551981991502
5534991524369
5538988291895
5534996368771
5551999022007
5548984900369
5538997531849
5551981866261
5527996290148
5548984497553
5544998452755
5542988051925
5541984511817
5547999473588
5528999710514
5551999377620
5541996962484
5538991568570
5541999563958
5544988575153
5527998991363
5541997045966
5547988282119
5544991529972
5528999883124
5551995911421
5551999954628
5544997745458
5527998414205
5551981675716
5527997841204
5542998551800
5541984418110
5538997391284
5541991566574
5543996155767
5527995772408
5551980608007
5551992786279
5534999747300
5553984653282
5551990103348
5527998362174
5547996899785
5551984773140
5534991445010
5541984234710
5545988381616
5551984413956
5527997156794
5544998124466
5534998816266
5551991212081
5535988175721
5551992719248
5553991023491
5535999723049
5537991578869
5527992275883
5551995206599
5527999233815
5538999450658
5551983532480
5538999544298
5551995830322
5551985076964
5538998575381
5549991547069
5547992357915
5551995062748
5538997412022
5544991742182
5544998830589
5527997044411
5538999107620
5528999054572
5551996045845
5551996178452
5548999496848
5549999961033
5545984214052
5534984160256
5541987759760
5543998131936
5551989819663
5541998854951
5541995600804
5541992114550
5551994636636
5551995106051
5547992384069
5528999170730
5542984058730
5551985146743
5534998175279
5527997867046
5527992053368
5541989011135
5527997780774
5549999613193
5541992126674
5544997157091
5527996093617
5551995161936
5535997361228
5551990095912
5527999638411
5547991768322
5527998407364
5538998384488
5535991912661
5527996706064
5541995228869
5545988127119
5545999745978
5543998681090
5541998972441
5541998375706
5547991642557
5547997323023
5546999742514
5542984029729
5537998324434
5551991424424
5538991050422
5545998183472
5541988723270
5547996542751
5542999573715
5527988456520
5551995669007
5548991269832
5549999967038
5535991997067
5551982914327
5551994459008
5534993151940
5541998038766
5551997291137
5542988717155
5551997104842
5544999796619
5543991177136
5527988378886
5544991094847
5537999413338
5545998056415
5541996174892
5542998148982
5541998796443
5547988679066
5544997184383
5543998611079
5541999433151
5544997472643
5542999054093
5527992464714
5553999501207
5527999966351
5527988516591
5543999211134
5551986367739
5545999902279
5544998902178
5551992189171
5551980209263
5545999127996
5546999122427
5527998231292
5551996811446
5543988157233
5545999485209
5538998253739
5541996788351
5547997554253
5544997710158
5528999000725
5541997322313
5543991128800
5528999152225
5548988237350
5527992680119
5547996371167
5545988184613
5547992249148
5541998812801
5527988776102
5544998351442
5527988374806
5534998402145
5541998203041
5527997759691
5527996302835
5548991935091
5543996284561
5541998585570
5547992698968
5544984173645
5544988045258
5549991323799
5551998963504
5527996278910
5538997365365
5547997512885
5547991152114
5551981447021
5548999226543
5535984514840
5541991862690
5551996127823
5541996057190
5551993318127
5534991761891
5538999997623
5549999646005
5547999643553
5538991735885
5527995731700
5527998466558
5538999376917
5527997411026
5551997338857
5548996613912
5547991481561
5527995158966
5541996680164
5527988577225
5542988021494
5549988786628
5551999988049
5527996271217
5527998207523
5527995115751
5551985494263
5541996015349
5538999592430
5551981241103
5544991514557
5551998918844
5545988340517
5544999135001
5534999527493
5543991570747
5535991368752
5543999649858
5547997338992
5543991228072
5548996238396
5538999107935
5541998323854
5547996193947
5541992590819
5527997429356
5541995032295
5551980461186
5541984681411
5551995313054
5534991211714
5547996741688
5544999663219
5538998394716
5537999097771
5528999137565
5534998643139
5551989388112
5541999581366
5551980508157
5541996560108
5537991324803
5548999524093
5535999253105
5541987302420
5549999064969
5538998566042
5549998354565
5551997190506
5547996091932
5545988108055
5544997207490
5543988211627
5541984846936
5534992510131
5551993737152
5541997442010
5549984153727
5551991777321
5527995154131
5535999279609
5547999325287
5527997021798
5542999453208
5527999333266
5551989630668
5543984468489
5547991553253
5538984190152
5542999254236
5547992234430
5541995063293
5543999082543
5535997749447
5528992791752
5551984481544
5549991635461
5544997618251
5534996727831
5544988186405
5527988076158
5551985080245
5542988626622
5541999893520
5547996720103
5543996436846
5542999868046
5548996377778
5535998536330
5527999398445
5544999746966
5551993698795
5544997371736
5535999709439
5527999252820
5549991483984
5535998631347
5548992080331
5542999566046
5527996136613
5541999072763
5527997819632
5551999024653
5553984255380
5551990045613
5534998295487
5527996096290
5538998265318
5527998089233
5542999340815
5538998499244
5551983587897
5534996912421
5538999631312
5541996936024
5551995501988
5551998384380
5537999683719
5538999545776
5535988188629
5553991571627
5543998607630
5541996932645
5534998639688
5548996897646
5543996125792
5544991513977
5547992653768
5553997006572
5553991105592
5527997498810
5534999131582
5527998975428
5527999121723
5535999565758
5541997065657
5542999118315
5547991775687
5551994470357
5534996830228
5551981965931
5537998743069
5547984958906
5538998429406
5541997511201
5544999581763
5541984044729
5535999057933
5527996968211
5527992422060
5547996151851
5544988614824
5551995639789
5534997768428
5551997436106
5535998945488
5538992174686
5551991712345
5535997087695
5527999072379
5528999421602
5548991742354
5534997166591
5541999824324
5541996938262
5553984731983
5528999883547
5527997502161
5546991125025
5527996522782
5527992497184
5538997353251
5541997876494
5551991247246
5527997256077
5527998764075
5549999242758
5538999873448
5534998252958
5535991802408
5551984409546
5527996558211
5541996439653
5541988838357
5551995626837
5535991737870
5551999787559
5535997559527
5549988953814
5534999229699
5541987773286
5551995679233
5541991979869
5553991454320
5551999583658
5543984986112
5527997652658
5551997689740
5543998674642
5538998557755
5541997023395
5538999891039
5551980598660
5534998790031
5538992233490
5545998535700
5538992117616
5541998376311
5527998170892
5547988230285
5541991096063
5544998532329
5543996465099
5551999819805
5551997543494
5549999143005
5545988180236
5541998351776
5527998229583
5528999525540
5527996219168
5548991529660
5534991840937
5527999641515
5548991456888
5553991977342
5548988785134
5541991556945
5543996039035
5527988016114