5598985146696
5598985938371
5586999914071
5575991886693
5586981190535
5585996529250
5587999664556
5598996219238
5581984079242
5583987813362
5585997494280
5588992674108
5599984355370
5581999996564
5573991422848
5598985362167
5571982387941
5583999574698
5588999835292
5583998842154
5599981771688
5585998050417
5598987283966
5599991160182
5575988661241
5587981727190
5586994339652
5581971196924
5598999613154
5585994112359
5598984511706
5585987687190
5599991793497
5585974012830
5598987041096
5575988057080
5581994384639
5587988088216
5573999876543
5583996769023
5599992157513
5586981908628
5582993448141
5583987725197
5581992406623
5571992558938
5583986303033
5585989007823
5599982577229
5586999430602
5571996059019
5586999885885
5582991743022
5583999123329
5571986935302
5581991572155
5598984373374
5599984521248
5571992047909
5582988287229
5588988469265
5598985886890
5585991639551
5598984004694
5583988739801
5574998031950
5588994109197
5599985472631
5582991241804
5599982765681
5583986236626
5598988325853
5573999101037
5581971145125
5586995357618
5599984846373
5577999050273
5583988004339
5588997268525
5583999708059
5585994032158
5585987346214
5587981130994
5586995091392
5586995070657
5588994053444
5583981325394
5577988364340
5583996400775
5598987326363
5577988085010
5585989588330
5571982614642
5588994543255
5585999910858
5574999260761
5583987326625
5582988176633
5571999179106
5588988174145
5583981197485
5582991263417
5599996444150
5588996982572
5571981291311
5598988683269
5575988182247
5571982310220
5598983557102
5574991917559
5586994299844
5574991069653
5575988275180
5586995244123
5588982152648
5586994949752
5599988106043
5598996119113
5588993240907
5573999899144
5583986627622
5598981582104
5586999346878
5598985933348
5573998373194
5575982299612
5598984461853
5583993925465
5588996069628
5581997256274
5581988270625
5599984954963
5585986533606
5582994096242
5582998125252
5598981383813
5588997044812
5582988568628
5574988361266
5583987707166
5575999589574
5575997164832
5585992173953
5583981075921
5599984649254
5581992455605
5575982961402
5585989520027
5588996476032
5598992149553
5573982307420
5585981118113
5575982147530
5583919191919
5586988620381
5587998180019
5586994143915
5585991716838
5599992300930
5582988416241
5585996145143
5598981681931
5598984867610
5598985348356
5574988484914
5581986219735
5586995024186
5585991998841
5575997079704
5598984572419
5582981711962
5588996946261
5582994352252
5598984385021
5598984019826
5585981043133
5598984522682
5598984984191
5583987472409
5585997260712
5575991175636
5598984612103
5588981469068
5585996497027
5587981116868
5577988737284
5599988464271
5582988184262
5599992066423
5583996089100
5582996349847
5588992533359
5585992404957
5583988994782
5599981349735
5598984295106
5597984499294
5598984467381
5598984328551
5581991931980
5598991370520
5586981322013
5586995708310
5598984947237
5588998198474
5575998079811
5598985132822
5583988073186
5586999434005
5573982464072
5573998676088
5598988766474
5598992363391
5586988762081
5575981183139
5583988804597
5585999055810
5583993913787
5581988265021
5575991693203
5582988844174
5573999580242
5582996412675
5575983059074
5586988612555
5588981639115
5586995420216
5599991393955
5581996523388
5577998049604
5587981736115
5588994014651
5585987122889
5585987467160
5586995303124
5583998674033
5586988212597
5573999506414
5586995560289
5586994941795
5582981428719
5583998583935
5598981328763
5582993312231
5574999464075
5575991659298
5598985257107
5571981257881
5598981155235
5598985630010
5599984320018
5571988156980
5574988737098
5599988347542
5573998517166
5573999121301
5588981403395
5598970219274
5599985243948
5588981872405
5585992108442
5588994970143
5598986075395
5586988976226
5571987521873
5598982222562
5582999483401
5599985321157
5598987562631
5585998366510
5599985412308
5598981931188
5583996965654
5583993520510
5587991453564
5599984358730
5575997126630
5581997818187
5571986944028
5583993219187
5587981416531
5571983153002
5571986669100
5585988316299
5581973236685
5588993172227
5599981292386
5582982378316
5582988052408
5571986951866
5599981423753
5599981399724
5585986877365
5587991317412
5599996490231
5583991872323
5598991233425
5571997121090
5599981742023
5587999551760
5599985543154
5581988596356
5582993932380
5583987197622
5598981344295
5586981855739
5586981621062
5586999110261
5577991261367
5588997994715
5581991945925
5588992914572
5598992370884
5582981548116
5583993262903
5583987414486
5583996347554
5586999121340
5588994494699
5581995100454
5582988523941
5575982146849
5585991901942
5598981348362
5582999419833
5583993602269
5581991897214
5573998284293
5582996140281
5586981536111
5599981378895
5581983960121
5598981229486
5582996269791
5598991943761
5583986311264
5581992937455
5581994033755
5575981631655
5575988277554
5598984887877
5598985636254
5583998136557
5583988524956
5585991470854
5571984414635
5599984350864
5598989102321
5581993330336
5583999613413
5586981115612
5588992030103
5588981289606
5581999358868
5598984702137
5571983196265
5571992160163
5586988133417
5583991240506
5588997166622
5587999458915
5583993983013
5599984879417
5583996322262
5598996069925
5583996984581
5574988751792
5599985271001
5586999696323
5571991089121
5573988241965
5585992386465
5587991187013
5599981416972
5583981140666
5571985153443
5586988736172
5571988230178
5586994035062
5582981141814
5586995564987
5575991197148
5575988075045
5598992079127
5574999167872
5588992840978
5599985461434
5598985308903
5585999584582
5583988295418
5574999390434
5575991517933
5583993845104
5586995282666
5588998011089
5587991705876
5598985735093
5588981837562
5598981475681
5582993296151
5581992808392
5585997826014
5571993584666
5582987393132
5585999637009
5583996908866
5598991483700
5581981199891
5571997371463
5598983560500
5571982659201
5581982365726
5586988775101
5586999996420
5581983039428
5573981501449
5586995609175
5598986128765
5599984011455
5588998228099
5583991521311
5581991026544
5587988217492
5598981275395
5599991173127
5599992272757
5581996114948
5577999135499
5582987707692
5583993377222
5599984366845
5598987897669
5598984536914
5583991910982
5598984799400
5587988483828
5575981146507
5588981477253
5588997134195
5598984032611
5586995684366
5586994691279
5599988252492
5585991942507
5582981055849
5586981547784
5587996622381
5583988098131
5585996496130
5599981593076
5571996838076
5588993831464
5599981757419
5599991300422
5585986616853
5581983290880
5581999137093
5577999029142
5598984561512
5571991169851
5577998178273
5588997924281
5588999464915
5575999400374
5585992459983
5585989477323
5577998480592
5577998492739
5586994421658
5599991068001
5573991372380
5598991946858
5586999248342
5586995229662
5585988474832
5583996052549
5585991444356
5599996456969
5583988204022
5599984764683
5581993767901
5581997666899
5599985172340
5598981761230
5581994222051
5586981137005
5581997547052
5582999282935
5587991210614
5599984405966
5585994060731
5585991548199
5581991189487
5574988381365
5598984498268
5585981847407
5598984622333
5583998151330
5598970036812
5571992059926
5588981532951
5585991531415
5583981820906
5587988617302
5599981325260
5583987637559
5586994332696
5583999531380
5582987397737
5587999638306
5585991470017
5598984921693
5586998171500
5588999032400
5598986297207
5582988146985
5585991652830
5577999253833
5585985700068
5583982295296
5577991205589
5598988076306
5585999071977
5582998314013
5575999730925
5586998125798
5586995834755
5585992457176
5599991330344
5599984957705
5581983490103
5587999933645
5598981190440
5587991702748
5586999520677
5583996592956
5598970233716
5599988121036
5585987997069
5583988090324
5582991310096
5585998572921
5586999381440
5598991268425
5598985735495
5588999182050
5598985575219
5588992065213
5599991423931
5571986518631
5571981083462
5581985212320
5587991943455
5598981948241
5582988863338
5599985031930
5577998197547
5574988441695
5585981949127
5588999340021
5588988961235
5583991731164
5573999695614
5582993676507
5585998510340
5583996846976
5574999736596
5599984716415
5575982343978
5582991498128
5588996808030
5577998188237
5582987463452
5598992148078
5586995031869
5582993492685
5582999005699
5598984649451
5582987195758
5586988929896
5598985175886
5586994664611
5588997312313
5587988679864
5598984862084
5577999614760
5583996859092
5574988095113
5581994501907
5583999005924
5598999095450
5583986661848
5586981320454
5583986630398
5599981560639
5587996299346
5599984569321
5585981520335
5598984870344
5581995688594
5588998545330
5598988805685
5581994590269
5581973040843
5598988243758
5585982270165
5587999261115
5573999521923
5598984528307
5581988574983
5574981450170
5581985876001
5583991615194
5585981640685
5598992106718
5598970193672
5581996621542
5583998270697
5583988824870
5575999802920
5585981238978
5582988191227
5583999128706
5577998699821
5575999799268
5599988370169
5586998328008
5598984256190
5588988269591
5582982304002
5575999269696
5598992029282
5574981322292
5588994254120
5581985862887
5599996436052
5585985438780
5598982014993
5583988524113
5586998304901
5575982719311
5598987581015
5598991965914
5583998339527
5599984246393
5574998037190
5583993403843
5598986243495
5599984743343
5586988678532
5599988092455
5597984378269
5582993355348
5588994144341
5599981140753
5586998142152
5575999756142
5598981853342
5585998420817
5571999991876
5582996262175
5587981402418
5598981348188
5581989186195
5598985381511
5577981475507
5583986588505
5599996519691
5582999786390
5598983400380
5599988444425
5583996940604
5574991295077
5581991870233
5583996685553
5598984928698
5599984631269
5599984682303
5599991503070
5599982051050
5598985083845
5599984146253
5585996583088
5581985557327
5585985039648
5581992156894
5598970198728
5583987678053
5582988955826
5598984676043
5583988199315
5599985090787
5599981924574
5586995148597
5582987222881
5585981379639
5598983040929
5585986218919
5571999503895
5587999206866
5587991897741
5586995113657
5583996293340
5583996021467
5582982021748
5598984172074
5587981399368
5587999092552
5585991324955
5581981274896
5571987385374
5588999083664
5581983342428
5599984292643
5598987913278
5573999751527
5598981726238
5575991519571
5598984656097
5586988575248
5573981183722
5585985325706
5583991267285
5581996263463
5583991976273
5598981808620
5598992020139
5583986627371
5586994019437
5598988617781
5598991868529
5581985678222
5577999934932
5598985621773
5581994507106
5598984752171
5583986128866
5586981370941
5585991140414
5598984721965
5583991588482
5598987080440
5598982658858
5581982490284
5583981218361
5575992359044
5571983463682
5598984105573
5585982134805
5577988233681
5585999827770
5571983354099
5585981632818
5582981904181
5582996224679
5582981573939
5583998389675
5586994998363
5581993313195
5597991943035
5599991358539
5586999636247
5588981696207
5583986828861
5598992287138
5587999297543
5598981679642
5586999556156
5583986350932
5575999486267
5583999128259
5573998563804
5598985244637
5586981939131
5585999801594
5588997183648
5588996383371
5573988246957
5585982166738
5581986595804
5598992374317
5586988937273
5598991473548
5581997287910
5598984581289
5583998051002
5575998330027
5581989663496
5583998544792
5599991701475
5582998236339
5598970293260
5599984077499
5585992149279
5598992420273
5585992448100
5599981166913
5598985492161
5598989140766
5599981205722
5573981399274
5598985426561
5575981771416
5581996859147
5583988211790
5582996281618
5582999575034
5575999522027
5583999839213
5588981941614
5598981344403
5588997083721
5574991056688
5586999370043
5582991959082
5599988596334
5597984060483
5599991423963
5575983155838
5585981923955
5585989047437
5582996710505
5598988993010
5598991408989
5598983498200
5586988272178
5588997236104
5583986939753
5583996709399
5599988583301
5571984320691
5599992199565
5598984522902
5581993039128
5586988614757
5598984553397
5598986246392
5582991739033
5582991206680
5585989663622
5582993131553
5585989088776
5598991851627
5599984497243
5599999037215
5598981759673
5583998319632
5585991069618
5585991081497
5571987778023
5599981766429
5598991375708
5585989618613
5583987540978
5598981584167
5588996132252
5582993099013
5598985104754
5598984375977
5583974008330
5585991160447
5571992007260
5571986343324
5583998626586
5599991569288
5598988673721
5598985351850
5582993110450
5583999380408
5585987358669
5581993906841
5582996598972
5588993724190
5585982106322
5583996000367
5585992825871
5573982586216
5582994214257
5582988879238
5575991291139
5582988899361
5573999321756
5587999198731
5588998588989
5582988683041
5583998149828
5599981186688
5585996496491
5598984469872
5583991670851
5581992720547
5585989421802
5583986140879
5581983261920
5581981785533
5583998417127
5585994055811
5598991875311
5581981762731
5598992392732
5583986622757
5581994246005
5577974008629
5599985085504
5581999157558
5571992150855
5599988366577
5573999790164
5586999618682
5585991974256
5598988884632
5585992376673
5585999884552
5573988689190
5582988596494
5598991892317
5582987375671
5583998243976
5581986295474
5588993564803
5599981299504
5583987095976
5583988107555
5577999543450
5583998019577
5598989088925
5582994114179
5582982097299
5586994485832
5583986212392
5598991273922
5573999434641
5599981186511
5583986818156
5598984969233
5583991975296
5599988116144
5581996935640
5582987535066
5585994314276
5585987866926
5598996067127
5581981098876
5598984524893
5599984045005
5586981303950
5586995041510
5588993196419
5598991660067
5582987420287
5575988588507
5588992102238
5581994023072
5587991397329
5585981606041
5585994392713
5581996853715
5598970176205
5582993688089
5581989010836
5571986868019
5575999479469
5575998040072
5577981429174
5575981306897
5583982180215
5599999056945
5586981179116
5598981549954
5571983437925
5598984796418
5586999409905
5598987562327
5599988592302
5588994401700
5599991753650
5583998450505
5587991916230
5585987107454
5598984224326
5573999057102
5586981122072
5582981581601
5585992297144
5586981086444
5599991510262
5599985037839
5598988087972
5598981726468
5585992660159
5575982414122
5586994521150
5571982319865
5586994539796
5581982115398
5582996084509
5597984470336
5587981462045
5598984507471
5575982243109
5583986517237
5588992742316
5583988092446
5599988081546
5582987597154
5583988063646
5574999273001
5586995929351
5586999926650
5573982320539
5582993020499
5585987279973
5598992298072
5575998252402
5583996142969
5577991601822
5583986653553
5583988094302
5581992597053
5583986313301
5573988618092
5583987727306
5585984044869
5577999278194
5574999478230
5599991077372
5599988020060
5599981661747
5585991049469
5577981276780
5588988166858
5581991531624
5586995165213
5582999601778
5585989238228
5599991940172
5581997532502
5583998892437
5599992254085
5575998167635
5585999883186
5574999124578
5588997173082
5588981036070
5588997202217
5573981573389
5587981556760
5598986252095
5581991575117
5582993312676
5586995869304
5598985570580
5586999118741
5571992822576
5598985619332
5599991769672
5585982000874
5598985559252
5588994813801
5583981677413
5585994327296
5598984460606
5582981221261
5586998299050
5598991559825
5583991459941
5582991878527
5581994483780
5586995379395
5586995258803
5598985865590
5571991080492
5598991496597
5575997102958
5598988102638
5583987941432
5583987630179
5581984702954
5583996311898
5586999321855
5583987813751
5587981108192
5583987962165
5581992240188
5583991761905
5573988472957
5599984732351
5574999353471
5581983007886
5575987024631
5571992995348
5581985663617
5588988294055
5585992733074
5598982010939
5583993930864
5598985671754
5586988171811
5581991634565
5598984701935
5582982351404
5598984180014
5583982080305
5599981651521
5574988661644
5586994169811
5598989081195
5599984453471
5586981631707
5588993768361
5575991095007
5598984185272
5585981795587
5585994198686
5586981176232
5583999096299
5598984257891
5598987345937
5571993315595
5598981184084
5598985412448
5583981779449
5571991565712
5599984384324
5597991470765
5588999809116
5582982130254
5573999860470
5598988302233
5598991588619
5577999803493
5583986842141
5598984371650
5582996613940
5599985379286
5598985309440
5573991280881
5586995772352
5586981736611
5598984928595
5573999578003
5585997996138
5581979151805
5598988778872
5583981437982
5583993249656
5583998948102
5599984744940
5586994394900
5586998287225
5583996921828
5588988301889
5585992957815
5581998553826
5598991638604
5599984757958
5599991277596
5598984584981
5588993800986
5583987612059
5586988762446
5588988233201
5598992231539
5598984916606
5582999287460
5573988139399
5577998720675
5588997005176
5574988739459
5588999309532
5598984228963
5585992715350
5587998017562
5575991041858
5573988613554
5587981383079
5598981525327
5582994212992
5598982414561
5575991780225
5582987283301
5587999819602
5581986104029
5598996178174
5585996418109
5586988441556
5573999157931
5586998656373
5599981237567
5599981005602
5599981563050
5598988819131
5581997260922
5585991265408
5599992173583
5583986611624
5587981276339
5582999318470
5581999310970
5577999137736
5582998418562
5583987234857
5587981067134
5588996573277
5575998205283
5571985457204
5587991033803
5583996356589
5583998571131
5573998442696
5586994944006
5598991837417
5582993631158
5599984288984
5585981797276
5598991884204
5577999892046
5575981216136
5585985644450
5582993322158
5571984875994
5585988260359
5588996304262
5583986588918
5598981116394
5583988935690
5599981503339
5599985541564
5598996110561
5574999561605
5582993365313
5583998271205
5598981833280
5583988726626
5571986960974
5598984498222
5582981845162
5581986166989
5585998569386
5586999639103
5599984502767
5582999330701
5585920021355
5571983488966
5586995884331
5587991398454
5598982044708
5598985530414
5583988195192
5583996446807
5598985631933
5583986849804
5598984293921
5599991269213
5588997432741
5577999530408
5582999451868
5598984375820
5598984302531
5598970037625
5571984161906
5585986175229
5599991031961
5586994724571
5598984844596
5586998479548
5598989218544
5588997290937
5582987530893
5598988251957
5574999012992
5583986713493
5575982098461
5575983420615
5588982322557
5586995955933
5585994394659
5585997462551
5575991587544
5598991507779
5574988518992
5577999572972
5583996211636
5582987921775
5599991310345
5599981685063
5599981454191
5598984429545
5586999435341
5598984805139
5585982224679
5599984362647
5573999882773
5585987108209
5587981242951
5599991270354
5599985130441
5587981454469
5598984416555
5582987216987
5598984957172
5599988489700
5586995318552
5588982157764
5599984835204
5588999650055
5598988240830
5598984681617
5588981105833
5582993211081
5582988431353
5599985466011
5581973079781
5583991959888
5598985930807
5575992164705
5585992578462
5599996471712
5583993866235
5573981405118
5585991707489
5586994871291
5598984453266
5571997280536
5588994786486
5586994882915
5582988556392
5585996319336
5585982038905
5575998221136
5586981243654
5575997164818
5583988955748
5583986628719
5599988553996
5583986133982
5587991479497
5575982737524
5583996551151
5585992162527
5577988165390
5582998399231
5599984432562
5575997131906
5583988564568
5581989111733
5582988499044
5599981781102
5585988232959
5599985356345
5599988466219
5583998274491
5585988345337
5586995171593
5598985009671
5598986125865
5582999607410
5574999864119
5571991807284
5598987448218
5586994243745
5599981498067
5586981098759
5583981279581
5597984441609
5585992800129
5587998111643
5581987423854
5575992094568
5581987442874
5577992026554
5582988064088
5585992924038
5599991244505
5575999378933
5581986997377
5583987013455
5598999854111
5571999002515
5581985060082
5583996262044
5582991520862
5598988578536
5571993333126
5599981310312
5598983123561
5585994148103
5586981829824
5583988251610
5571987075024
5598991043439
5598988792930
5581996975584
5574991982758
5571981598684
5585992629330
5581983245845
5598987704921
5582987531168
5573998281019
5582987355806
5582993112535
5573999848710
5598984305400
5585982119379
5586994573943
5586995774365
5588981046972
5599984495441
5585986823199
5585989617506
5571999345905
5588981974645
5586995542932
5586999746663
5598984056246
5582996264009
5575988785080
5581993254568
5571987368015
5571981274850
5588998091383
5585994352233
5571983833563
5598991969938
5583999679063
5571997421083
5575983646949
5598984054307
5571991314417
5581984149307
5582991284625
5598985155446
5583987865372
5582999887292
5574988727789
5577998511327
5575998074928
5574999111730
5585992927723
5599991415342
5585997888899
5586994022493
5575998941056
5581992520227
5597984301578
5581997073934
5582991195525
5582981730568
5583988489110
5583998860389
5582996913691
5586995378681
5598984978892
5574999091615
5577988731697
5598984157641
5582988874220
5581994149677
5582999633503
5585994018677
5598991868536
5574988066332
5581986217275
5583988716002
5599984715642
5585988312888
5583999086877
5571994078111
5573999444398
5598982067773
5582991837891
5581998888721
5585991980988
5598984042663
5582999990357
5583987166153
5586994346697
5598985040951
5598987082875
5598987035021
5585986186725
5574998005728
5587991186219
5583993036001
5585997388552
5585987845677
5598992036712
5583998333082
5585992546396
5588999724557
5581999844503
5583998230451
5599981794709
5598985047178
5585992026462
5597984550129
5599985476477
5598981698078
5575998503807
5586988297042
5599988151907
5585988575992
5583999969296
5575999517994
5582996594704
5582999199809
5598991705172
5582991266094
5583988216448
5598989265390
5598988146625
5581991517324
5574999072111
5581982738006
5575998151771
5575991575358
5598987841791
5585991008091
5582981409789
5571981945436
5598984637606
5582982352911
5598981314371
5585987571719
5583999825589
5581995297732
5585989466153
5581992433778
5598981022204
5588998123174
5599985073497
5586994014666
5574981200403
5582999469060
5583988079916
5586981181033
5598987149475
5571981847475
5583998034032
5583996553881
5583986699853
5582988545569
5583988688576
5586998501611
5582996339927
5599985278002
5581992552867
5597981248216
5587988456054
5583988647271
5588982308698
5575982426186
5574981297430
5574999348919
5598984603687
5585997122340
5575999063220
5571996591680
5583981584257
5598983133782
5582991952355
5599984821433
5587999481622
5598988770122
5585991208329
5598981077007
5582987184634
5575981667799
5598984883648
5599984511648
5598986247096
5571999505608
5598986051260
5588993623919
5585981942688
5598985227863
5598988290062
5581981201732
5582991194378
5575998761507
5585989269922
5598991694456
5586988556352
5585996869112
5581988119634
5598982534059
5598984770239
5585992608894
5598985852363
5598984328893
5598984379016
5577999118918
5588996953993
5599988186483
5582996227605
5582999759951
5599984158367
5599981096897
5575999711637
5571987349093
5577981580154
5598991906133
5587981789715
5587981528190
5587991591213
5582993712628
5575982232213
5583988204492
5599984422270
5571991652033
5585986015426
5581974011025
5571992681514
5598996115224
5581999842613
5583998319273
5586981421418
5599985359097
5585998170915
5585991700716
5599985220458
5575992855913
5585991305738
5587988650968
5599981677001
5574981119261
5598999850534
5598984489262
5574981235751
5586999413376
5585992501620
5581992452511
5577998756184
5587999507583
5599982003592
5577999265442
5581973069516
5575992535252
5583996461081
5581982041384
5586999987246
5583987394398
5598991385892
5577999201047
5582996094364
5575981576775
5588994247823
5599985408726
5581981802181
5582994039286
5582999615185
5586995804230
5599988131273
5598991777391
5583986960659
5583991547996
5575983372244
5587991687750
5599988412961
5585986319402
5588997226461
5599981996605
5583996234614
5585982107915
5581992225078
5598991867295
5583991786635
5574988013001
5581973273146
5585992091091
5571991851697
5598984052441
5577998720917
5581981031914
5574988175992
5599985423167
5581995352264
5585992757483
5599985480188
5599988114042
5585996845517
5582993680553
5573998612086
5577999453603
5583999074783
5571993408798
5575992527807
5587999173705
5586999873758
5583988743541
5573999252340
5598982458495
5587981635070
5598985073401
5588993511230
5581991622231
5588993148905
5597991596714
5588981999150
5581989816722
5598985182575
5586999453696
5598981838042
5599999536213
5598985153480
5588988540655
5598982991917
5599984624341
5599991233325
5598984140746
5577999381242
5583999279455
5583996275244
5599984345207
5585999379103
5583981836539
5588997642627
5583998868300
5599982606938
5582991156846
5577998114038
5571996607367
5575981684747
5583999557348
5598989070477
5574981203043
5586995594290
5577998023376
5583982082849
5581984191391
5575991694212
5581973152109
5575992038076
5587996228473
5571982614404
5581987564325
5583991707298
5599984437033
5583982195019
5571992566067
5581996260677
5573999365421
5583998476614
5585986861878
5588996913567
5599985070851
5583991090992
5583988606717
5598970077166
5573999675833
5583993341592
5575992713372
5583994126510
5585991069808
5583986164301
5574981375658
5599984303809
5582987187350
5571981419080
5582998322827
5586999474707
5588996821290
5598984825100
5577999786816
5586995694583
5597981095561
5573998038212
5577998748291
5581991234125
5587999284550
5571997151952
5581991715538
5585992953702
5586994948489
5585999314856
5582993608391
5585982243669
5599992190397
5575981205360
5583987079379
5598985845277
5598992087940
5582996216958
5588992990174
5575983254106
5583994141020
5598985472491
5598981516150
5571992088510
5585994147391
5573998135204
5586995664712
5599988235154
5571987981747
5583998387792
5581988367483
5586981097749
5599992287693
5583987545627
5585991575249
5575998864478
5586999832023
5573981533346
5598992203422
5583981743331
5587999623901
5598984636743
5587981382041
5583986249187
5586981261464
5598992255584
5573981675334
5598988458005
5582988572949
5583999063490
5571999117766
5598996028175
5598985283776
5581995469969
5598987370914
5598991022292
5599981434384
5599983456789
5598992443032
5598991539897
5583996247267
5598984433541
5598981695746
5598985477481
5586998443792
5598984517582
5582987442305
5585986980370
5585994358784
5571986528470
5599999039767
5581998617754
5582991033196
5581994568584
5598985995520
5598991931780
5581992670703
5582996401851
5582998131597
5582988054265
5571996096768
5581989456049
5585988478088
5585992518417
5588993333944
5598992357537
5583999383780
5573998254248
5598984078392
5575988559082
5587999834731
5599991632827
5585999638571
5599991336972
5583996047436
5581997552058
5583994197611
5598985199066
5581989186589
5598981154520
5581995874200
5599982768526
5599984518318
5583998019388
5598981862389
5599981295439
5582993942152
5581983734636
5582999308544
5586981392185
5586981121170
5585981487184
5583996088493
5599981518131
5585982233762
5585987654321
5588999882955
5582996426886
5586988109370
5586981497684
5577999996293
5598982275652
5571983171913
5582999854469
5586994703830
5599999342808
5586995698907
5575981173803
5599981019066
5583982049550
5598981399954
5581989128770
5574988565823
5598985342166
5571993734849
5586999057928
5585994211959
5573981519414
5588994919373
5586981173239
5587988776303
5583996135636
5582737484848
5598985040427
5588992345672
5585986444684
5581996376130
5599991011016
5583987715538
5599984075868
5586999073132
5574981200749
5599984725184
5574999080230
5574999583784
5587981610324
5571985072807
5583993166494
5585981336938
5588993728300
5581994869855
5582991060384
5585992513348
5581994461991
5577981597568
5583981900931
5575999719252
5575997092293
5581973149876
5586995506039
5583991673624
5598988644681
5581991192123
5588992127929
5588981309439
5588993744057
5571985228260
5598983455969
5582993367973
5582999410761
5583991919778
5587996341990
5585997288111
5582999445090
5598988355890
5585986453374
5598999731408
5571999387035
5575991932557
5583999642733
5581997611343
5598984179890
5587988590096
5599981211884
5588988260863
5582998217931
5573998666383
5587999684609
5586995000384
5588981537893
5598983101388
5582993858078
5586998264173
5599999352172
5585991613715
5586999943589
5599981173041
5598981904936
5585992942931
5583987868824
5587996558540
5582981384854
5571986465132
5581986472662
5583987943126
5598984055832
5597984020212
5585974008564
5599991895855
5599985174257
5599991343989
5587999265412
5582996806935
5582999604718
5585999906686
5599984815952
5585999506388
5574988019277
5598988956373
5598996213364
5574988469156
5587988723464
5571985544006
5582981297744
5583986825110
5585992447579
5583996107636
5599985461209
5583993705832
5588994567391
5581986176471
5575991761978
5598985464387
5598983491818
5574991197636
5575983676996
5571996475121
5599991401286
5585988528425
5598984334210
5599981645168
5598985997140
5585999612840
5597984478625
5599988208746
5583981268993
5585992543425
5581994040178
5582991215195
5582993114986
5597984059283
5588996698150
5588997239972
5573999069828
5573998603616
5583999884859
5577981435767
5571996790550
5575983210612
5586995088755
5582993230016
5582981743800
5587991252222
5598984739093
5598981909406
5598983463046
5587981173020
5577999286216
5573981140195
5597991760402
5586981009534
5581997554520
5598983381005
5583988070098
5581995513545
5582996848742
5599988342876
5583996640754
5583999462009
5583982223967
5581984475006
5588993639888
5575998726165
5586981663873
5598985326257
5585981609635
5573981379267
5599981033548
5587981467632
5586999352491
5571997155197
5583991992844
5586988422105
5597984153406
5599981163580
5577998075003
5586981268491
5586995541337
5599984496256
5588988211185
5585996147485
5583988627044
5599985491296
5581994229639
5585986488081
5583999518959
5587999080032
5587981603426
5586994553294
5575983365935
5598984831429
5598985212903
5573998494856
5598984408675
5599984439937
5575983501475
5582987312394
5586988979922
5583998528227
5586988620193
5598986282642
5587991920897
5581982592456
5588988687454
5585985701620
5575988825145
5586994380596
5599981148961
5599985453845
5577999424695
5571992659927
5585992162071
5583993857485
5583994025053
5598989052976
5599988457692
5583996853104
5588992225265
5598984088171
5599981595611
5581988040031
5586994965989
5585991909926
5586981446337
5581987139132
5585981571681
5582994152612
5577999147885
5581981337313
5588992271807
5583989000690
5573998419937
5583996056878
5598984483590
5582996863656
5577988412592
5597981186760
5574981390908
5582991335378
5581986228913
5586999885358
5582996941941
5581982849690
5582993114106
5599999345594
5585989304693
5598983495979
5581985045665
5577999205255
5598991827611
5574981351291
5587996162151
5575998016674
5587988095752
5598984692733
5598988387202
5598985337329
5585988448464
5581991118475
5581983174683
5586994122698
5585981336837
5585997215791
5583988898943
5583986351005
5598987114002
5588981321503
5599985040717
5599999345679
5581988055417
5583986068259
5598991576072
5587991949707
5581973069019
5599985054752
5574981226489
5588992867937
5581994862111
5587999642352
5599981586417
5585992621286
5586988455464
5582999397989
5586981174652
5598992048944
5586999384397
5598984940374
5598996014008
5585988996174
5587999250779
5598985564146
5574981430204
5575997147607
5575998097208
5571992994067
5571992195673
5599984580768
5575999751167
5583988265708
5585997481014
5585991576426
5585992395816
5598982997311
5575997056442
5588997124477
5598991936483
5599981549468
5583996473502
5598981858746
5599985006174
5585997088735
5599982660549
5588992192722
5575991193782
5598985996074
5583986302714
5574988630784
5598992335874
5585991737043
5585991597321
5599988615292
5599985187711
5598984885860
5585992410218
5598985348799
5575982897461
5586995174609
5588994923529
5582999171021
5582988601420
5586999295290
5599985072421
5598983497784
5582994164937
5583991490542
5573991119214
5599988466241
5599996477219
5575981987273
5588993458158
5585992625773
5598984916970
5586981894999
5583998239989
5581993618479
5581981404626
5585994079203
5577999905903
5588996878291
5573982309508
5573982560180
5585981335135
5582987440039
5585992156351
5571984864620
5571992101610
5587981167160
5577981213744
5574991935760
5598986283099
5573999003298
5582991156962
5598984507967
5598981289843
5586988936865
5588992636596
5575991157262
5585992412935
5582999541913
5586998463629
5585987991801
5585989481954
5588996305603
5585988260968
5586981787285
5585991128812
5588981714393
5575983409017
5599988376050
5598984266479
5577988632209
5581993826187
5574998129643
5575998607949
5599985393019
5571991828681
5587999587023
5598991651132
5582999435360
5571997409147
5598981304585
5581994174342
5599984028110
5571985557008
5582996498683
5581992315865
5598984906118
5582996599065
5583986632726
5571981874184
5586988090178
5571983180778
5599991951875
5582991062560
5581971101117
5586995888740
5588982312250
5574999257972
5586995694251
5583987238738
5574999100675
5598981561015
5582999221271
5598984765199
5581991622519
5581989174918
5574981154273
5598982037980
5573988747228
5587981374095
5586998281479
5571996752934
5597984187928
5581989889099
5588981307582
5599996466136
5585985586531
5583993802783
5598987770891
5583993947883
5585991675662
5582988331714
5581995337871
5586999018558
5599982764650
5598985408460
5585986993497
5581993011624
5599984465628
5583981067459
5598987034002
5599988183919
5598984229441
5581994566616
5598987089263
5581993999145
5586999528654
5583986290004
5574988083081
5577999503897
5571994156896
5598987202230
5582988583802
5598991206394
5575997111690
5582996304493
5588981295912
5585999499230
5585981127375
5586994834400
5599981483350
5574991190678
5577981527304
5585986218550
5575997013309
5583998963961
5583991450106
5581989503453
5586994064182
5585987378506
5598970103618
5573998509745
5586981545220
5586999395293
5598992021989
5586999177354
5581987674369
5588988157124
5599984117561
5587999734647
5571988489043
5586999604221
5583996998026
5588988758480
5583998488684
5577999790257
5581988685030
5573999173294
5582993911616
5583991094670
5581986244370
5583986757477
5585999481916
5587988363072
5598988257315
5577998411249
5599984784973
5599984151895
5585997383180
5583996485793
5599992080515
5586999062576
5586995368963
5583999206520
5581998529211
5598987536915
5588997506200
5571991975716
5585991691665
5587998061998
5598992315467
5582987131211
5598985113231
5583993072445
5581989373227
5583987949466
5573988881037
5582991421467
5598981495416
5583996319270
5586995510971
5599981662718
5598970085277
5582982137128
5588999623109
5586988932925
5599985183933
5599984267553
5583986510604
5597991541305
5598992131594
5575981806411
5587981290643
5587998200315
5583982304016
5598982271283
5582998128475
5585994121992
5586995973202
5571982501850
5583998110796
5571981131185
5599984642395
5577999552983
5599984746835
5581989702019
5571991189781
5599984504428
5597984169240
5588994474812
5586995448878
5598985730613
5583987392297
5571981144318
5599992254299
5586998279301
5598991374476
5598984427055
5582994312888
5571988356738
5582991826656
5581989342713
5583988119667
5599984746253
5599981820528
5582999155053
5577988053613
5581997239750
5599981462545
5581998908334
5571992702898
5599984209557
5598981018577
5585981762451
5599984629350
5598984659245
5574999754523
5571991303796
5598985605553
5598987005504
5598984969387
5571996587419
5598985235062
5598985432994
5597981109544
5571986028348
5573998438398
5598992197488
5573988792399
5586995498422
5583986420154
5599981331894
5583982312946
5588997494713
5583996562960
5599984264858
5581989838738
5586995899804
5575999144741
5588994241274
5588992123622
5582993998236
5598991870734
5573998696820
5599991124900
5586994196097
5581991922265
5598970117596
5599988329499
5585982221190
5581999259287
5599991009314
5585999377754
5598985740655
5582981860950
5585999143211
5586994660600
5582988088867
5583996237673
5583987682218
5598970081711
5573998526364
5577991894129
5583998269718
5599981832947
5598981879060
5588981957719
5581971211466
5582991010676
5599985302213
5575981594366
5581998035096
5586998663699
5585992762426
5586995640627
5581995279649
5585999215139
5571992654049
5582998358051
5571984374952
5575982662249
5577991940833
5573991871522
5587981082315
5598981538042
5586994540646
5599981689957
5586998123978
5585991381923
5581988854629
5587999635607
5575983417825
5577998234986
5598991908979
5583981822853
5583996077873
5588993405509
5599991886858
5585996456341
5581988801149
5586999577854
5599981210271
5585987015806
5598983149558
5582988619377
5586995226741
5582994097471
5574991978158
5581994344854
5599985400096
5583987943454
5583999005266
5575998200482
5586999454720
5598987014948
5582993815804
5583986561330
5582996417538
5585988225754
5575991090694
5577998186052
5586998267533
5585985584313
5587981290760
5585984043045
5581995139263
5571987402888
5598984581479
5599985496659
5581983528426
5598983531122
5581993845007
5586995187784
5586998152630
5571996352036
5582998433370
5599981581372
5577999530533
5586988406217
5575988416162
5582988929873
5583991440880
5571996525698
5599984868555
5573998169050
5582994364413
5598988504163
5581999026975
5586988304175
5585986073793
5581998071875
5583999855872
5598984079807
5586995019324
5574999022944
5585998542587
5598991771679
5571988611282
5586998058782
5585998000329
5599991619592
5583986124610
5598996019102
5586988916213
5573998609220
5581991483429
5574988349111
5577988310399
5598991091928
5599991771069
5577999551305
5598985906771
5583998146522
5575982954002
5598987303462
5586994267409
5577999618121
5574988279056
5583996226799
5598984783782
5581982334293
5586981558455
5583993034850
5598985700824
5581993727938
5586994415013
5582996447241
5585986804903
5585982269201
5571987065286
5598983544468
5574911636800
5598970108866
5588994909750
5599991155845
5575983319298
5571992060555
5582981723837
5582991319959
5598970299405
5581994360600
5598985319674
5598985532429
5586995206464
5583996252797
5581981385515
5588993503934
5583998756902
5575991057795
5581973328514
5599984251705
5588997761535
5586994622926
5585987419777
5585991470940
5586994584870
5598984794862
5597984333882
5588998547850
5598991547180
5575981682139
5585994006406
5585992465647
5582981418515
5575998708854
5585989236341
5586988666016
5586994561572
5599988055167
5571984604455
5587981511746
5583981682829
5587988093059
5585985513187
5581997485877
5598982158334
5577999869749
5581992042357
5571992223962
5586981772174
5598999740571
5598985175649
5599999026916
5598970031991
5598984473433
5583998045642
5583987719719
5583988808091
5598981734084
5598988852274
5586994692153
5574988379909
5586988251405
5583987334526
5574981459939
5575981144953
5581985622265
5582987615479
5575998831852
5583982187987
5586981697159
5582993136755
5586988066712
5577981447061
5598981273224
5585991760342
5571981982099
5599988084068
5586999361958
5583991958166
5575999184360
5575999716702
5583996040949
5585992851412
5571999259283
5581999591517
5585996757025
5582991592077
5574988493913
5573999027869
5582982159504
5582999166113
5585984630473
5582987810256
5583996768990
5598988562709
5583998103452
5571984324784
5588992944185
5582993520401
5585992513596
5585982211314
5583988056376
5597984107181
5583991437039
5583982244641
5599981876012
5598985518283
5573988510506
5585992477467
5599992270342
5575988398883
5581988830731
5582996366527
5571991354462
5574999217709
5581996084997
5581986714442
5583993942803
5585997916295
5588988564603
5585991249804
5582998038023
5588982193876
5574981419528
5586998023861
5582996503241
5598970122473
5571983555440
5582993508154
5582981700621
5585986607433
5598982801697
5599991918515
5585988813266
5587991130335
5574999159679
5583988008032
5598984937528
5585996749485
5582987036501
5583986648797
5573991140083
5585986311557
5583981303013
5599991961668
5573991869637
5581988205603
5585997528109
5583986634649
5581993351169
5585981298667
5599985341032
5598984409268
5598984333856
5582987065041
5583986216565
5573991103040
5587981621192
5574999762236
5599984934111
5586998312937
5598985322464
5585991065975
5586995616220
5585992755924
5599984484104
5598984134379
5586994235204
5575982588767
5585997652580
5598981218345
5574981261079
5571981473657
5585991538453
5574981542398
5588992831934
5586981668083
5585991942306
5583999364727
5582996086264
5598984541693
5599984433757
5571986968182
5598981714183
5583993363516
5585989578812
5585992269325
5599982620236
5582987585514
5599981209891
5585991493183
5582991899038
5599981297550
5582993329850
5582987146028
5571993788270
5581994759129
5582999448082
5583991277458
5599991138801
5599984457178
5571994147767
5583996612759
5573981433720
5588993782941
5575982095017
5599984656589
5598991542309
5582981443062
5598981205179
5586988842814
5599992103501
5599991028858
5599992033377
5583988554492
5598989117945
5598988579105
5575981584256
5599985129623
5598970257294
5583999524372
5582991914586
5571999850191
5575988118265
5583996323844
5582998248419
5588994764707
5586994428460
5581989703701
5583998242108
5587999779613
5599988047334
5585991127634
5599985185693
5585998314502
5583996543558
5577998588537
5598985037284
5585991811956
5588996131013
5582993824686
5582981576528
5588993683375
5586995335636
5582994369950
5598985256837
5586994847722
5583996426562
5588981779359
5581992340186
5583996113273
5582996084132
5598989007789
5582982330016
5585985373800
5583996850771
5583999440589
5598984350978
5582981010620
5586998184945
5586998437627
5586999371140
5588993834786
5599985186210
5598984818810
5599981113548
5585999962105
5585981553331
5587996269983
5586981342505
5585996092219
5598987915512
5583986714768
5583996529398
5583993235076
5581992376575
5586994341018
5582988781919
5581992288755
5573991036681
5598987868236
5597991611046
5573991114663
5599985137899
5582987197608
5582991147107
5582996197385
5599981084903
5585981136238
5599985268687
5582999367092
5585996047732
5599984849989
5597984094156
5583987014209
5586998415592
5583988787916
5599991200707
5599984225506
5587991202953
5581981779833
5597991579000
5575999225053
5587991839781
5573991002208
5599984553793
5585987771529
5599984154391
5583991559296
5571991756434
5585992234003
5586995759133
5582994046319
5582994080148
5582993860770
5582993383495
5571996638666
5585994249618
5582998390130
5599981232814
5585987730758
5582991332679
5571992242632
5587991339485
5582999713020
5583988899065
5577988683719
5583988899868
5599984918729
5581986156499
5598988582107
5582988227991
5587992439778
5599984509719
5582996528684
5588996263567
5577999540671
5598991467564
5583999017159
5587981681774
5587991506873
5585997317139
5581991691274
5583999258280
5575998968183
5577998133903
5598991117508
5575999652741
5598982826234
5583996005318
5598970059009
5599981234941
5599981733279