5592982329986
5565999353543
5565993003225
5562999577971
5596991088244
5564996522482
5593991834432
5561991621633
5561984445342
5591984846176
5591981335678
5566984369688
5592992662016
5562996135383
5564999759778
5591981820069
5593988070765
5566992509116
5561993286877
5592984388737
5562993732684
5561998793968
5565992259726
5562984429597
5562994917688
5565984194529
5562999474506
5564992361122
5565992114898
5565996432083
5565999084922
5591992747162
5565992104312
5564984098388
5566984194155
5591984419873
5562995764321
5562982778388
5562994258636
5562981102090
5591985232677
5561995896775
5595991667100
5593991202569
5565981113728
5592993816742
5566999312093
5561981366643
5562991158099
5591985116087
5565992031192
5562992235296
5562993698704
5566992058737
5594992769782
5593991268026
5591984033764
5561985863503
5565992412469
5591987053390
5592984197483
5567992496417
5594984516127
5562993055658
5567996891389
5565993402465
5565992331599
5565996034398
5566999991158
5566996727361
5561993646715
5591984796119
5594992602076
5591983808989
5591984059766
5562981895593
5591993332232
5562996760252
5591985140170
5561995213171
5591982676884
5591993013481
5562992100332
5594992318375
5565996955546
5592993020270
5591998110301
5591993903134
5561996797660
5566992115866
5565999264565
5591986073390
5591984188989
5591992040244
5594981523487
5591986201653
5591989542463
5591989604395
5565981113820
5594992703431
5591982824556
5562993100701
5594984437158
5595984024404
5561991199635
5592985859076
5562991475214
5591985350174
5565993440079
5561991641613
5565992572400
5561996571068
5594991547292
5566999853716
5591986120756
5592981297405
5591993218789
5591985943718
5567984750657
5565992708240
5566996270198
5565999579196
5594992341157
5565996185934
5592994067160
5561995479245
5562993148275
5591982354755
5592991449685
5565996113180
5565984747215
5566996510322
5562985668528
5562985513352
5591984642151
5592994885763
5561993775050
5561995226703
5594991705625
5562999471939
5565992878833
5565984656026
5565996773887
5565992878446
5594992692215
5562991650630
5565999759778
5565999130833
5594991542714
5567993467327
5594992606196
5593991565092
5565998058324
5591993047187
5591993167648
5565993069527
5566984083352
5593992215771
5591984202590
5565996346449
5594992987180
5591983269485
5565996067799
5594988115698
5593991125554
5554991814954
5565996070546
5592996310454
5593991148669
5561991832912
5561998362626
5565992389639
5594981370156
5566992343338
5592985589686
5591982783311
5592992361513
5565996249016
5565999058563
5595991148320
5591981350107
5561996332301
5561993674901
5594981255488
5594992551931
5592985925246
5562985757713
5591986217906
5565992402477
5593991096404
5564992371668
5592992089002
5562996480660
5592982370855
5565993526030
5567991450633
5591992674673
5561994162060
5567981450535
5566999017085
5565992940633
5592984154290
5565992680016
5554991679993
5567998480511
5562985342307
5567992263392
5567998962980
5591989924993
5595991118308
5566996961747
5592992473032
5561992402893
5562995247329
5591984113657
5565993546909
5567998545465
5591982313055
5561992472309
5567996627681
5566999829704
5594992828977
5562994775156
5565996227676
5565992621514
5591982092551
5565984128736
5565996496969
5567993485537
5566992112645
5562996680043
5592991819222
5565981620400
5591992114757
5565999727088
5591984342610
5591991523151
5562984916341
5591988075963
5562991333709
5565998039409
5593992380142
5562996034708
5591993197837
5562996480793
5564996179950
5562993942182
5595984148386
5565992464894
5595981176588
5565992015973
5562982117317
5565993001596
5566992377915
5566984403006
5591985153758
5562983427843
5591985436038
5591991203856
5567984683079
5591983310502
5565992327142
5591980134460
5593991836149
5562984238446
5561985444466
5565992987817
5592985910322
5565993214393
5594981129812
5561995623227
5564992287010
5562994140347
5591989338533
5565993256651
5591980611113
5562994881900
5565996450075
5562984476732
5593992011393
5565992846318
5565992785022
5591991241663
5566996102268
5591984679282
5562999996668
5561998079227
5594991267649
5561998591669
5591984870750
5592993404327
5565981152232
5565993433676
5591989088229
5565992247502
5562984534469
5562994622089
5565999569755
5566996596774
5561995827685
5596991158938
5591991313910
5591986248650
5591984882376
5561985272675
5562994242582
5565993028308
5565993459702
5565992162793
5564999443021
5591984060628
5565992428000
5591985170711
5561995098442
5562993904888
5593991978674
5565996435388
5592993758785
5591985415855
5561994235001
5595991768027
5595991100138
5565992226150
5565984531915
5562982395020
5561983412224
5591991973614
5591980542883
5565999384639
5592988099189
5565992813652
5565996393377
5565981186965
5561991803468
5593988017209
5565999731812
5565992066864
5593981161323
5565984290984
5562995769122
5565996454125
5565984038233
5591999064406
5561995714027
5565992641412
5562998695014
5593991106771
5565984490626
5591982620932
5565981529057
5565992020417
5565981193090
5591984399003
5565992320268
5565999047302
5591989952158
5591993159751
5593991806300
5566984234529
5566984084398
5594984005935
5565992841678
5595991678511
5593992477822
5591993939548
5565993335003
5565992267627
5565992107383
5591981804268
5565993456664
5561999081081
5561998795311
5591985381275
5566992176984
5567992157463
5562985720394
5591985575285
5594988112465
5594991791454
5593991115425
5593991147340
5592993188137
5565996993909
5562985006610
5561992159900
5595991209585
5567991955479
5566992365836
5593991019209
5562995757696
5561991451531
5561986132096
5562993231693
5561974026816
5594981275155
5561986044934
5565996763520
5562981314600
5565992658058
5562995288390
5591986259372
5565993443968
5591985949303
5564992866315
5565996887448
5564981160297
5591992894303
5565992544995
5596981175178
5562986480043
5561993245918
5565993547957
5554984082045
5591984048802
5565996398360
5594991355244
5591984755334
5595984185920
5591981100054
5591985952265
5561981860016
5565996483964
5565992196960
5554997041724
5591988075834
5565998177305
5566996364990
5561994390292
5565981222526
5594991458100
5591999121145
5566992462075
5561992727963
5565999045385
5565999976397
5591992133293
5565996595298
5561981231723
5592994424013
5567981185290
5561981225270
5594992961708
5566996244122
5555999627061
5561996243455
5592984559530
5591986119419
5592988448182
5591991271574
5591981267586
5592991790916
5565981705525
5591993135250
5567991746405
5594984331733
5565999965636
5565981602742
5565996699801
5565996030137
5591986155542
5564992844002
5562982399399
5592994166981
5594991331503
5565992503126
5591992467373
5565998076778
5595984070813
5565992435949
5595984004281
5561996659075
5593992452371
5592984434796
5592984102598
5562994326845
5565981124930
5595991147291
5591984749738
5565996189683
5593991361999
5591981202271
5593992080883
5565981468461
5591993906783
5591980481302
5561998566966
5594984162702
5565993334241
5561993154193
5593991185484
5594999084986
5591985684807
5564996236928
5592993660481
5591984235086
5566999153407
5561999779984
5566996741734
5591985310577
5566992128920
5561996815205
5591981002512
5591989451563
5592985955756
5591985346169
5554996174603
5591981614791
5565999553375
5591989154337
5593992067877
5594991740373
5591980316392
5591982206311
5591992111361
5562995088330
5567992887979
5592986234421
5592981056044
5562982893219
5592994092808
5592993681876
5565981711458
5596991359169
5562991906064
5593984317624
5566992319038
5592991937549
5562981434773
5565984220594
5591992623791
5565999646910
5562981794457
5591991184867
5591984306639
5592984671498
5592992209845
5565996094230
5565999257530
5592991224346
5591984945956
5593992054967
5561992103450
5561985452546
5565992719106
5564999645749
5554991949434
5564992519947
5565993198490
5562991682634
5592992010153
5561983402225
5561994417895
5562998047527
5562992368767
5561984470898
5592986105468
5565992921735
5565998107283
5591984583925
5592992647290
5565993463188
5566999864830
5592985991018
5593991666114
5595991435633
5565993513869
5561983776334
5592984061460
5594984225283
5591980677517
5591985421153
5566999145328
5591981360302
5562991000247
5594991989779
5594984364525
5591998165211
5594992352775
5565992338599
5565993458444
5565999920220
5594992412820
5595991418166
5562985401589
5562992147050
5565993545141
5591999809986
5565992827992
5594984114059
5565992601173
5593991861792
5565992945840
5561991056649
5561998759840
5591981526761
5561995894584
5562994748663
5562996175917
5561993211545
5596991559912
5562992816249
5591993018312
5594984320900
5592984855003
5565993604059
5594992490432
5565993273583
5592994201369
5591981294959
5567935050521
5592985007851
5567999871662
5564992591755
5593991403299
5591982800695
5591989406011
5592992711145
5591985831097
5591983360858
5591982092115
5564984408450
5592985529754
5565992945422
5591987086290
5562993839006
5565998022888
5566999952504
5593991245678
5591984077801
5567992728362
5591981726667
5565992325417
5561984783667
5594992137114
5591980335243
5565999611229
5562995728180
5565993571423
5594992929367
5562993479757
5565981253690
5591981017106
5592992771590
5565999322849
5561999831143
5566999197169
5565996291644
5561996749610
5565996640376
5565993136568
5565993430949
5593992079355
5593992308511
5593991306324
5591981540131
5564996250378
5561983072867
5561991375801
5562984465181
5566992362572
5565999235412
5594981150579
5565992288308
5565996174281
5565996858712
5567992370661
5594984293963
5566996751375
5591984111980
5591983411188
5561995510513
5591989424905
5561992337542
5562999953755
5591986125777
5593991656084
5562993897269
5565992898998
5565999216431
5567992915192
5592996130475
5567996685833
5562981376333
5594981324577
5591985145497
5593999750915
5594991434626
5592994881708
5562994015524
5591991615327
5565992483877
5591981037653
5591986335407
5565999625532
5561982188290
5565981325333
5555999701651
5591992138320
5594984200606
5594992966847
5565996141145
5596991569176
5594984390660
5566999967526
5591985352591
5554996870551
5593991026789
5567991462768
5592994392133
5591992392795
5562981381940
5591981307721
5565999668526
5555981248583
5561998792197
5561998678200
5562998335452
5594991915846
5561994601576
5564996156127
5593988078916
5561982221193
5565999434012
5562985761294
5594993059805
5561992765406
5593991929223
5561992120576
5566999391521
5592994969430
5592985596801
5562986520059
5591993290424
5594992288649
5565992832787
5566992453468
5591992979415
5593991489120
5561991832034
5592985847384
5565996815343
5591993498588
5592991990048
5564999995549
5593999027355
5565999220021
5565996881955
5594992476568
5561981699670
5593991841227
5565984410272
5565984450655
5567998339743
5562995354501
5564996484859
5591984644215
5562993067244
5565984357050
5566996769976
5567999913960
5565996353942
5591988141652
5591982134817
5566999577024
5591984919366
5591982116790
5565996721800
5592992860694
5594992308183
5591999931614
5566996133340
5591985891484
5564999226716
5561986620978
5561995714124
5594991807616
5561992717389
5565992024660
5592985908044
5561992802221
5562993537072
5592994838559
5565992941941
5554996236589
5565992615572
5591981989691
5564992968609
5562993359492
5592993499407
5594984296001
5594991903456
5592984398166
5594992505830
5562993272534
5562985158585
5565996767503
5567991911367
5592981322730
5596991698919
5561986162461
5562985479398
5594999800366
5566996303171
5565992536753
5561981548316
5596991302322
5566996051872
5594991167845
5593992024706
5593984047040
5566984465448
5562993435392
5565992075067
5561993674530
5565992854034
5565993302852
5562981707193
5565992106540
5592991992412
5561992303116
5567992082368
5593991612742
5562994104756
5567991235942
5565996603073
5593991842555
5592995095420
5594984138200
5591980569648
5591982086871
5596984334244
5564992319563
5594992543076
5565996145930
5592985582721
5591984327272
5564981162316
5565999220829
5565992336697
5591984142352
5561991761016
5564999229310
5591991774645
5565992825446
5565981159805
5591993895578
5594991789907
5562999368276
5565981225458
5566996049690
5565999593644
5594991879002
5562998160388
5591988618345
5561994385028
5561993212004
5594992761395
5567999459167
5591993557674
5591982744608
5562998526153
5591982617971
5567981744700
5564992067147
5562995762076
5565981084504
5591984393399
5591998207060
5566992342950
5566984323691
5594984371975
5593981001164
5561986793593
5564992188875
5565996334171
5591993830469
5565996043412
5565999211588
5567992157420
5566996494055
5561995978688
5567999641554
5565993241854
5591985254750
5561981295751
5594992314995
5561986117706
5567992968698
5593992421913
5591980277238
5567999675432
5592985189088
5565992200312
5561993835318
5561991718068
5562998431425
5592992428766
5594992714955
5592985376757
5562994894174
5564999421871
5562986015675
5562998789560
5562994977142
5561991243073
5562992814319
5595991766634
5565992243626
5555996090956
5567999978385
5592984589912
5564981360214
5565996396492
5592993531625
5565992425287
5592994890461
5591980130294
5561995340618
5595991649591
5567996247229
5562984699336
5592988140502
5562998832687
5591993240292
5591992104430
5591980285094
5565993451032
5564981637382
5594992565369
5554996819189
5566974007967
5565999637314
5591981601032
5565992423193
5593991309359
5591984754780
5592993458200
5561995221448
5565999554157
5593991724006
5594991673856
5561999235072
5561992595314
5592985893942
5591982356105
5591992409652
5591985683224
5564992374855
5565981289302
5591992881802
5591981949288
5594991928939
5562984461943
5562999875422
5593992129298
5554999926883
5561994031883
5593991772859
5565996014436
5566997205533
5566996759550
5593992239542
5591982967443
5591992692660
5554991146083
5565993470935
5566996476447
5565999369038
5593992195335
5591984068127
5565996610476
5565993064295
5565992135150
5595991614667
5567999070988
5566999640264
5562992617731
5593992090284
5561986727327
5594992862401
5565996160853
5592986205020
5591981134564
5596984195926
5562994547566
5564992970971
5565999192246
5562991053198
5565981589704
5565992690225
5564984332098
5567999208445
5562991505590
5593981301709
5561992895609
5561994172331
5561984504684
5562995684199
5565999440595
5566999399796
5561992712074
5591980775427
5561982144393
5592991366060
5594992167808
5555999483307
5594992434450
5566992245175
5594988146905
5591985417913
5591998316507
5592993206961
5591983864728
5591985182814
5591992199440
5562981017555
5565993399440
5562999094830
5562991124070
5593991654279
5565993594905
5593992044934
5591985802925
5591985103273
5591985351671
5593984134699
5595984151745
5592992067569
5562995276386
5593988133000
5565993302988
5562999697063
5594992149223
5592991959533
5562994531866
5567981272061
5592992226517
5565981521999
5564993292951
5592995363755
5566992202995
5566992825320
5566996331570
5565984421294
5592994387527
5592999066053
5566999768357
5564981530713
5561992985925
5593992178477
5593991568712
5593992450539
5565993001972
5561991732144
5565999411918
5592993370874
5592982492464
5594981429630
5591989313510
5565993514288
5591980663122
5566997246805
5594984144932
5565992240639
5564999570938
5561994560078
5561982248560
5592988447277
5565993339868
5591985835898
5562993486080
5561982026289
5591993823196
5564992123455
5562985883597
5564992938734
5565992217101
5565993071425
5562992091663
5591988115796
5594981240656
5592996177116
5561994308664
5565984423390
5591993909493
5595991568883
5561992899459
5565999185032
5564993413288
5591982207569
5596981410901
5565996880268
5565992864085
5591985183933
5566996649508
5561994226062
5591999829346
5592993560046
5565992591328
5592984400258
5561981498140
5565992641354
5594992030199
5593991745685
5565996396605
5591986260032
5565992279424
5561994046111
5562995588051
5561982220352
5593991854524
5591998096744
5561999433697
5591992363493
5565999471340
5565992612176
5591988458190
5565993221162
5561981101126
5561986614755
5561999811309
5591993896033
5565999624258
5561996100210
5591981927617
5591984690756
5561982696680
5594992009793
5594984156534
5591999067445
5591985839353
5591983147415
5565984333083
5594999699454
5594991143377
5594984301653
5594991390098
5566996288968
5592992423951
5596992040249
5561983631914
5562991418415
5561999834479
5592991687152
5591980254937
5562992895565
5591980843379
5562985070188
5591983275079
5561992095711
5592988543729
5565992397993
5561994471872
5562993856675
5565993491602
5594984102093
5594992196815
5565996406799
5561991092862
5591991039199
5591986266754
5566981011774
5565992658512
5565992479385
5596981208099
5591981877128
5591993910091
5591981810880
5561996461288
5564992913380
5592981101135
5592988571340
5591991663838
5565999281957
5591981216248
5566996111610
5595984270804
5565999453211
5565993527987
5565993059217
5562991792028
5562996760294
5562991063924
5593991836357
5565999850918
5592982861421
5593991403008
5565999226023
5596984019671
5566984117467
5561995011799
5565992551114
5591993752135
5566997208796
5566992390786
5591980750958
5591980185556
5594984308290
5561982624463
5565981110957
5561992163452
5591992546166
5595984036249
5555992064881
5592982711861
5561991249110
5565993077324
5561982645691
5592991707725
5554991085069
5562991305565
5565993344540
5566997262392
5565993445225
5594991667178
5565984218321
5594991820540
5564992569618
5595991728136
5561996193104
5561998275553
5567998117363
5565992154400
5591981412368
5592992197208
5567998516127
5591981157845
5595981227780
5561985334062
5594993191199
5566981027352
5565974009027
5561984390934
5594991626915
5591984882686
5594984150077
5565999905966
5555996592745
5562995005184
5561992318405
5564981113008
5565992635230
5561992902271
5565999825818
5562985054963
5591985361810
5565992854740
5561981855614
5561992150693
5591980819499
5561995242883
5567981468765
5595984125819
5561981336598
5561991702628
5594991658732
5555996085133
5567998101853
5567997158789
5592981102808
5564993127699
5594992293226
5562993814661
5594992048490
5564992631021
5595991137474
5591992756357
5565993238588
5593984011335
5593984201459
5594991917589
5591992774122
5565996214788
5564984515757
5561982686303
5561991493551
5561994293941
5565993567896
5564993156777
5565992559241
5591982271916
5565992784791
5591981078062
5594988088122
5565999597094
5566996393256
5591983520215
5564999609005
5593992125136
5591993490857
5591982363786
5566996635504
5591980333405
5565992166032
5561995690742
5565999560866
5593991418703
5562986002528
5567999725366
5562994161243
5593992125606
5566997118184
5562984340715
5565992489185
5561982664291
5554981524756
5561981514326
5591983450961
5565992044090
5566984524295
5554991954336
5592995222549
5561991112400
5594992707381
5594992874032
5566996569157
5562993737948
5562991130769
5566984188036
5567984660232
5567982013631
5591981409510
5591984658260
5566999126780
5561992001613
5566999037906
5594991465025
5564992609166
5561983205010
5554999000322
5593991455895
5561995557098
5594981538668
5561993039706
5594992951157
5561994007362
5565996933874
5593992281762
5594992189558
5591991375500
5562993822769
5561994084230
5565992261561
5591986459684
5561985095609
5591996320548
5593991069541
5594988012084
5565996834595
5562995438740
5561991629054
5594981768184
5594992746704
5565992974595
5591981833551
5565999894660
5565993602051
5567996963280
5594991496297
5561983512336
5565992211325
5565996629403
5592991185094
5593992074860
5565992654261
5593991931876
5595991688331
5562992777080
5562991838398
5594981159653
5595991574084
5566992042536
5554984376735
5565984042719
5591981789515
5591982249561
5593991820497
5594992942535
5565993582602
5566992464441
5594999727338
5565993070932
5593992062441
5595991571972
5591981145862
5595991721546
5565992450897
5565984289453
5562981862308
5593991082302
5562999924775
5561985406653
5592985485814
5566992519519
5561981081583
5566999831258
5565999792425
5591985817428
5596981314677
5566996636255
5565999366623
5562998853932
5565992995016
5562992870514
5562991736947
5562991933612
5591985351613
5561984145436
5591985199881
5591984737630
5566999823232
5565993533212
5562974005519
5564999420865
5565993392660
5565996056699
5592984709277
5562993049656
5592984009231
5565992327198
5591986215282
5591986363907
5565993526552
5565992622401
5594991497952
5593991879544
5565981641325
5594991701652
5566996230840
5592991368951
5565996176364
5567991222504
5561993249518
5592996082980
5592992582756
5567984172858
5565984025968
5567999503011
5591983530584
5565984180926
5561998875313
5561993694419
5592985168852
5593991971345
5561986172410
5595991215529
5592982829577
5592995127489
5562986412237
5591996334616
5591982441359
5566999615304
5565981479318
5562998808126
5591981085858
5566999838988
5562996394072
5562986065304
5562986518559
5591991921859
5565993334530
5561992825826
5561992895316
5594992498549
5591983848551
5592982124871
5564992944970
5565981081679
5592992277886
5593991462223
5565992470845
5561999171751
5561991131847
5561998473706
5566996316633
5567981155606
5592993788310
5591993429676
5562993603064
5593991027057
5592993004037
5593992401093
5565992075329
5593992051028
5591991459296
5562991915526
5593991263081
5565993107583
5565993038725
5562993103557
5562995121514
5592986189887
5565992126752
5592986197928
5593981142020
5592991640093
5565992544699
5592992418217
5592982810024
5591984492018
5566999311106
5592984839341
5566981548711
5561996962453
5594999724413
5561998456789
5594999745069
5565992430951
5561996957030
5565984220742
5566996853656
5555981068253
5565992257003
5565992471958
5554981220983
5565984667236
5564984378121
5565999952879
5562998516035
5591992314888
5591981206114
5562993411131
5562991672670
5561999831584
5562991220844
5561996351220
5592991904412
5554993195229
5565992413046
5565992021876
5592994094296
5561983518212
5591991504505
5592985530319
5594981157114
5566984527749
5594991011091
5596981273569
5565993484872
5565999991970
5565992217730
5565984721817
5564992106115
5591982389522
5565993073785
5561992874618
5566996095195
5593991322307
5565996397366
5566996000279
5593991228698
5561984658645
5555999057085
5591982921548
5591984966500
5561982105188
5593991811081
5591982832287
5562995453893
5592992649376
5591991527526
5565992244557
5592992459504
5561983198368
5592994709324
5592981353643
5562992083462
5565993100429
5591986068368
5594988093467
5562994454465
5594991576405
5591984024716
5561985510868
5561983714969
5594981056883
5565999979609
5565999506761
5561996695328
5594991278090
5561996051091
5564981518548
5561981972408
5564999988103
5592995142483
5592994674229
5562992334321
5593991663897
5594981336855
5562995410653
5565996862353
5565981724707
5561993378708
5565992406974
5594992166277
5591985242543
5591985905950
5565993471556
5592992280167
5565999098227
5561998392600
5591981693588
5592992128352
5594988155427
5561993095535
5565992145335
5561995841851
5561985167064
5592981968509
5591984811020
5567982134504
5561981834425
5591991809155
5561993713712
5593984363791
5594984253662
5594991169493
5565998032471
5591982620173
5555992147461
5594999346549
5565992123544
5591985217032
5591981841699
5591991502716
5555984593819
5561985443893
5567984127433
5565992661935
5567992988948
5593992022024
5562986630110
5562991850290
5591981576780
5594991715510
5566996073693
5565992741439
5561998476359
5591985712900
5565999366999
5592984429936
5591984081812
5596991050244
5566996018404
5593991760806
5592995020191
5567991469202
5565992465254
5591980846635
5561984900578
5564992285841
5592991667965
5591985451175
5593991823626
5566999741025
5593999788558
5565992858085
5562991408362
5561984066288
5591991748745
5562994719325
5592994369018
5592982391118
5591984109710
5591984903500
5562992559290
5565996297610
5566996232385
5593991904502
5565999352076
5594991597543
5565981365185
5593991972982
5565999718657
5595984099174
5591991517844
5591999176888
5595991623669
5591985392926
5561985970073
5566996766583
5592994009506
5561992322977
5591993344439
5591993630679
5591980649334
5592991701067
5592985187258
5561995743464
5566996072227
5562982907058
5562994961134
5591985365638
5591984367840
5561996061118
5561992251996
5596988013905
5565984020127
5565992368965
5564984510135
5561984604670
5565992040171
5593992025634
5593988011757
5565992517900
5565993415933
5595991508817
5566996789459
5561992979704
5592992878856
5596991783669
5562995728064
5594991715796
5566984032305
5566996874313
5567991108378
5594992580851
5591987063660
5591984525982
5566984597206
5592994632985
5591981720396
5564992595333
5591999420016
5591991639276
5565993634062
5592993229897
5594992683240
5564996545585
5592991747317
5591991630511
5591991875176
5592992843240
5591981237589
5562981140480
5592985882757
5565999920131
5591984739327
5561999777837
5591992240739
5562992491647
5565999208753
5591998236897
5561996757837
5565993174384
5567996728207
5561986332007
5565999272969
5565996506590
5591984308866
5555991402066
5561993476532
5591981991347
5566996490465
5562991762467
5562992455802
5591993245976
5567998143061
5561994617955
5593991012669
5591992334588
5565992751956
5591989021224
5562994431592
5591984843078
5561993782226
5561992529815
5566992109773
5565993505773
5593991334139
5592993253172
5593991243812
5594992092179
5562993094508
5591991558626
5593984382956
5566984456105
5565993233977
5592993148871
5594992579089
5591981666386
5566992213966
5594991989729
5565998170072
5565993301546
5594991471061
5564999410271
5591985652595
5591981979292
5565993169291
5562985821670
5591980921904
5565984121471
5562991292002
5593999540316
5591980855891
5564999699410
5565981222381
5567991639797
5595991727129
5566996081182
5566996163651
5562995471812
5565992532219
5565992411502
5561992395078
5567991753271
5564996624038
5561992938269
5565984152642
5562994120081
5565993250366
5564993330937
5561998532005
5554999908368
5561991866478
5592995128919
5561983484381
5561985617530
5596981041577
5561991729524
5562993234270
5562984539465
5594984202960
5566992332023
5591985230763
5565999258795
5594981269062
5565993304464
5561995882034
5562993142256
5566981295677
5591992651505
5591986047307
5594991090630
5591983082397
5561982662795
5591984587819
5565981496991
5565981325740
5595984181137
5592993388348
5566992384180
5594992731275
5594984374757
5594992957891
5565996802550
5593991548491
5592992302024
5565999531354
5565992194602
5591981227161
5562995289096
5561995111429
5562981564223
5591986198248
5592992968127
5591980934353
5593992285535
5561994209625
5566996181843
5591992996963
5561981025629
5592982547548
5562992628114
5594992146526
5565993372860
5555996782687
5562985733102
5565993567372
5565996453116
5592981513906
5566999791715
5591985026697
5565992866949
5566992155076
5592992476722
5565993294617
5562999082048
5566999699295
5594991255033
5592988198668
5594984353405
5591993950022
5592991892032
5591985436918
5564993212369
5565981117931
5566996692012
5565981572544
5565992323106
5592985912339
5555999437890
5591982054767
5594992693401
5591981125032
5592993453919
5591986191648
5566996247096
5592984847282
5565993363399
5562991746319
5561995664301
5567996257590
5594984297017
5565992515163
5565992949756
5565993301988
5592993653594
5565981236861
5567998852213
5565999080719
5562993900824
5565984785981
5562991961942
5565992759220
5594981159428
5593984098176
5565999129664
5594992084878
5592992769890
5591983990311
5567993039056
5593992415852
5565996779754
5565992050132
5592993537106
5594981142215
5564981242698
5591981201602
5566997172572
5565981211843
5591981613783
5565992787629
5561982577481
5591992303050
5591998389080
5554991120171
5592995035834
5562993302294
5591981348985
5594991974407
5594991371304
5591988628847
5565984415043
5564999522143
5561985992871
5591991590445
5564999838228
5594981284556
5565998057875
5592994312572
5591985553183
5561995779646
5595991736866
5596991417760
5561981456317
5593992361744
5596981053321
5567981581711
5565998003907
5561981578102
5564992320211
5594981120307
5565984270256
5561998499525
5561974024732
5565996958203
5561998102201
5592984977335
5564981188872
5592994702321
5593992028128
5565992442497
5561994144057
5593991366586
5561984612050
5565992148617
5591982960549
5561994151843
5554981430408
5566992049096
5564992368478
5561982082017
5562993421519
5567992805795
5596984121419
5591992863816
5591983734609
5592993525680
5565993281135
5594992455883
5591984993767
5566996357704
5565998202620
5566992273921
5565992282599
5591984173761
5562991373154
5561998379710
5592991662088
5591981263367
5591985163201
5562991483112
5591987510782
5591998277723
5591984636802
5566999156355
5593991009876
5591980250290
5564992550282
5561994575192
5561983362178
5555996885976
5565996982438
5567993420350
5566996921559
5594991912427
5562991835859
5565999139507
5566981548424
5566996166031
5561996833941
5566984474208
5594993057394
5561991706719
5561994569259
5596991339063
5591982335140
5593981201321
5562993300940
5591980732620
5567991571816
5594991495611
5562981069389
5561992753657
5591983921521
5565992055509
5591991218911
5591984472918
5562992926395
5565992908830
5591983968602
5565992792769
5592995255929
5594981949403
5566996909991
5594984486073
5592994563769
5562993758786
5593991060404
5594984188425
5591985271433
5565993342747
5561996259655
5567981843821
5592981397638
5565992780719
5591999712060
5591981705610
5591993278760
5593984169283
5594991977953
5592988095002
5567998599781
5565992475553
5591981512560
5593991221639
5592993318907
5555991763885
5592991067935
5593984066345
5561984245652
5565996308128
5565999694094
5592981560108
5561999019201
5565992798056
5565992255459
5592992095040
5561981784287
5566999449074
5561986228425
5594992688300
5561992267086
5594991159238
5594991660786
5593991914971
5591999649741
5561993685494
5565999475767
5565984529007
5566992529864
5594981205153
5591989049164
5561994361398
5591987241723
5561992171228
5594992957895
5592999130673
5566999200737
5561998900453
5561998755643
5561998262029
5561992037797
5593991310902
5595991352982
5555984412202
5592994044978
5555991212608
5565996997741
5561985836687
5562994538594
5594991978765
5591992080075
5594992927874
5567991873775
5567998530285
5561996414854
5593991958218
5593991274503
5593991537535
5565993292603
5594981385330
5591986118141
5566999784258
5595984004879
5593988019619
5591984716183
5565999801279
5591993424577
5592996175373
5592992420433
5592991077448
5562993165932
5591983041136
5565999795456
5593991058447
5591992969458
5567999463816
5565993626201
5594992327922
5592984200710
5564992990604
5594992217167
5562983385400
5562985785984
5561985431971
5592994159610
5567993134641
5567992396332
5561981924781
5594991523917
5564981458515
5592984211401
5594992545097
5561993164964
5592993461363
5565999620270
5592992422210
5565992895172
5591992215316
5565996966401
5564993330683
5554999899108
5596981382958
5565999555628
5565993153443
5591992545357
5561984425565
5562992974579
5565993073031
5595991741622
5562994345955
5595991336879
5567993041728
5562998547299
5567999090887
5562999054975
5561985664073
5561991908759
5561996048722
5565992170379
5561992013443
5562981532095
5567999106820
5565993467820
5591981500527
5565984692317
5565992370751
5565996435470
5592992702045
5565992179377
5592993098579
5591987070478
5595991448143
5596991090239
5566981040283
5594981319316
5562982356492
5592986345022
5561993934313
5593991299907
5561982293252
5592994754402
5561991067343
5565992667711
5565981432196
5592984692750
5555999455748
5562993567255
5594984069291
5565992733736
5594984311137
5594984341850
5561998214044
5591991722049
5594992072983
5596981468458
5565974008611
5566996521778
5562981776656
5561984240611
5567996353962
5594992585302
5594991838534
5595991119812
5592985965523
5565999584574
5592991202100
5592992477079
5562982200109
5561992918200
5593991463793
5591985422336
5561995740574
5595984147072
5561992784177
5596999077015
5562994506867
5565996627894
5593984379245
5594984268852
5562993417801
5565999217030
5595984214857
5567999987470
5591989510383
5566996604668
5593991603415
5591980362126
5592995219201
5591991574847
5567992389497
5591984373704
5595984091592
5562997013476
5591984315630
5592992287187
5591985176624
5561996678952
5561986034494
5565998111910
5554996904897
5566999642227
5591985161095
5591984541598
5591985565871
5561999576765
5594992199954
5591983164807
5593991770619
5592991619185
5562995626357
5594981681753
5561981969747
5594981091624
5594988088267
5565993610452
5594991639322
5554991979724
5565984358521
5567996922281
5565984028655
5591989689753
5562981220674
5565981416706
5554996480586
5566996147357
5562993097207
5565999770903
5565992149390
5561999876939
5562998830246
5594991442143
5561984692364
5592991949323
5562992217126
5591987610110
5567992981629
5562996935798
5567992303345
5591987226334
5566999572271
5561998166140
5592985888092
5564999860013
5591985437506
5555997257851
5592988469194
5593991625610
5561996054855
5592982343083
5592985253115
5592985380614
5562992514517
5594991250622
5566997195080
5595991356889
5564984211370
5565992193557
5566992215334
5562994127231
5562992964930
5562994671062
5591985022663
5565992581895
5594992004033
5596991832317
5591980585434
5562984456486
5564992312391
5565992672022
5591980555780
5592985950689
5592994370373
5594996668465
5594988149619
5565992223776
5561992814973
5565992594818
5592993103130
5561992384323
5565996448164
5591980986730
5565992931516
5592993419339
5566999083284
5566996282774
5595984088184
5561991351280
5566999529887
5565996780815
5592993678511
5591992861765
5591991961387
5592995163414
5593991802276
5592993673162
5592986230018
5592988567142
5594992531250
5561995858997
5561995832645
5565992581182
5566996376725
5567993252542
5566992428081
5567998092070
5562992194990
5591992032538
5594991851290
5565984330433
5593991693549
5562998468139
5565999754488
5561998641259
5562999173701
5564992706617
5567998791002
5591985610991
5565984773147
5561998643511
5561995895067
5592993293003
5554981633124
5565992895374
5567991272984
5562999923999
5565993284436
5592993259877
5567996065512
5593991581018
5561998602574
5564993210961
5566992445588
5567998800858
5592981383871
5565993482452
5565998017840
5561993379548
5565992863434
5562991124559
5595991284376
5561991981960
5566999568816
5595991703743
5594991397326
5594991989670
5593992014786
5591992149225
5567998892475
5591991348084
5562986367082
5593991002792
5561992032957
5562985784575
5595991200616
5593991479266
5565999068869
5565992067258
5592994993119
5555991621629
5592994766677
5591989693846
5562992820464
5562984748968
5595984068001
5591983259150
5567999646333
5565999577537
5592991041279
5594991055127
5566996988072
5561999262899
5595991292344
5591996070138
5562993060372
5594999091512
5564992664116
5567998574706
5592994931813
5592992786265
5561983088248
5592981356700
5566996727774
5565984678691
5592993485551
5594981549217
5565996613122
5595991622365
5591988462690
5561996649841
5594991367543
5566999768786
5565981144869
5592993390621
5562999090088
5562985291850
5562992933314
5591980804597
5591998350288
5591992565196
5562993766629
5565992895148
5565992274883
5566992464682
5594984095052
5567992611522
5595991387249
5565992533150
5592985486980
5567981774646
5567984084041
5592991185850
5566996973126
5591989671014
5594984506112
5592999784726
5591988998377
5562992998457
5565992246309
5554981684403
5591992143118
5594981360717
5591991022935
5567993447990
5592986098045
5561982608238
5592996073071
5596991388899
5592981258047
5594991392936
5567999614262
5594984317947
5565992923399
5565996518889
5567998942426
5591981564225
5565996018510
5591985177903
5561986374332
5567999365131
5561999270977
5594991370465
5567992805167
5565992977430
5567998978085
5565993361597
5565999575661
5562992656460
5591981156718
5565992417072
5594991112627
5594984381593
5562995042454
5561992260712
5565992802503
5561984814526
5592991139564
5592993838008
5593984233699
5562993290998
5566996202322
5594991958719
5593991236059
5565992080836
5591986090754
5594981234309
5566996733583
5565992949515
5565996414402
5554992547861
5594991550078
5562982396448
5565996075716
5561991588442
5561995808421
5592981520986
5566992023691
5594991717004
5592988532114
5567981467142
5596984304182
5565993639365
5562991574714
5561985494598
5566996787434
5565996099788
5567993332652
5567991086803
5562999921843
5594991500054
5594991076909
5565993101464
5567992686577
5565992451960
5562981240237
5566997163226
5593991370490
5565999034807
5565992496871
5591985547519
5561995913529
5566999829154
5592982377520
5591981004290
5565981297850
5566999319223
5565996111005
5592984120908
5554991304109
5566996022966
5594991060465
5561984610328
5594992827505
5594992877083
5593984360020
5592999127774
5564992304201
5592986025187
5567991320319
5565993625680
5562981503574
5564993226882
5567993193980
5591985138894
5567996063387
5594991210585
5591992084036
5562993254414
5591992899180
5561985231948
5567999198909
5565984210799
5565981377447
5561991692842
5591991227271
5565993618142
5565993538861
5562994392914
5567992216066
5562991233303
5565981475963
5554991511558
5565993440530
5565999918612
5595984087399
5593984176339
5567991511656
5561996439758
5562999498447
5565992641104
5562981411484
5591984558965
5562995348691
5592984399050
5565992502537
5592988468216
5594991851042
5565984163517
5566999280116
5591985285916
5592991394760
5562991600907
5565993143929
5566999969751
5565993312608
5591984087774
5564992774074
5592984045610
5565984129481
5591992818480
5591993077784
5562993549749
5562992938427
5561983643824
5592993192608
5565981596182
5565984657085
5561983408556
5566992398047
5562985686261
5565999761401
5565992915582
5561991048294
5591992398779
5594981129199
5567984316825
5567998516523
5565996971982
5561998797079
5594992163226
5594992073724
5561991360709
5566996633689
5595984104941
5561998029780
5566999682102
5561982854856
5566999769237
5565998178112
5564992333429
5565999455767
5561996934807
5591984684957
5592985900654
5566996590226
5565992165370
5593984086840
5594988085481
5593991865209
5594991031892
5594981277717
5565992529879
5562982582936
5565992166630
5591988979429
5561998649272
5592992706698
5567999619750
5565996786408
5565981249882
5596984235705
5562985244761
5561995697610
5562994186489
5592988370757
5591984829787
5566996381756
5554996529809
5565998449996
5554984151715
5555991554374
5564993322172
5565993448435
5594992532049
5565992557482
5567981157772
5594992217568
5592994210190
5565992869044
5591992341101
5565999488868
5594984390107
5591998334495
5562991017964
5567996352672
5592988213001
5561996594429
5591982078784
5592982426993
5592995340136
5562996431230
5561984609979
5594984300757
5591984310574
5567992495028
5594991616209
5561991020728
5592988483204
5591982369048
5554984258225
5594984208174
5562994221112
5592993641656
5561992341186
5562991651300
5594984316882
5564992733363
5561984927201
5561995167386
5565992837929
5591992471582
5554997125747
5561994550240
5594974006229
5564984315137
5593991774507
5561996161802
5566984146770
5566996713709
5592994322423
5562993360900
5565992354148
5561994318948
5561998552488
5565992686239
5594991599986
5593991667029
5566999074953
5591982418354
5562992238481
5565993369127
5592994022559
5567992652171
5566997171069
5591992231338
5567991962440
5594992479702
5591991227497
5593984169332
5592994152696
5561985608166
5555997160225
5595991191722
5555996083618
5594999802802
5594992365501
5561993076750
5562992323289
5592985959396
5592992483244
5593991527888
5566996329988
5554999493080
5591987433671
5594984045230
5591989338509
5565993242823
5592999632042
5594981978608
5566996741349
5596991287340
5567993337515
5594981852721
5593991111241
5564993031895
5591984805470
5591992757676
5565999765423
5565996215612
5592986158844
5567991845121
5591980101884
5567999573258
5562995361029
5566984128583
5595991764201
5594991057769
5554999397416
5561996353131
5562995465312
5591985106139
5565996905753
5565999160565
5565992679620
5565992322791
5564992108760
5565981394936
5594981140096
5561993231685
5594992749833
5564992056132
5554996522993
5565992935170
5591983484378
5593991224794
5565996486171
5565992644201
5562992707349
5564999280427
5565999305336
5565993186782
5591984648549
5567996185163
5566999352116
5565999375704
5567999456239
5561998879612
5591985721472
5595991287136
5566996171145
5565993254834
5562994315270
5565999163819
5592994403770
5554991534786
5565992205107
5566984291121
5562994592391
5565992540357
5562991207750
5593991215357
5565992703490
5562985406824
5594992349319
5565993531142
5565998081344
5592993999629
5591992727653
5561992189270
5561998270018
5561998423452
5561994452900
5561993758976
5591984699749
5565984024409
5561992090027
5591981660616
5565993095800
5562999095791
5565996279375
5591980947127
5594991849985
5566996237344
5591984055122
5562993428667
5591993061829
5565999067074
5554996709636
5593991743238
5593991777669
5554981217714
5565992813016
5561985835686
5595991760250
5562991625711
5591981918158
5555999223976
5561984730357
5591992786495
5562996870899
5565996687755
5594992678503
5566996492674
5561981063716
5592993874191
5561986796912
5566992456845
5562982431680
5561984709889
5592994801390
5591984878295
5594984517695
5555991929269
5592994011194
5564999243386
5562992823431
5565999143668
5594984205138
5591985887478
5591988675915
5565993420380
5561992787067
5592994134821
5594991484914
5592994443510
5565996048742
5591981709666
5565992968039
5591984054657
5565992121460
5566996594211
5592995142164
5567996124445
5562981788455
5567992577712
5561981220734
5591986177972
5555992319401
5565992535822
5567991264334
5565993292013
5565999371096
5554996073114
5591996242261
5595991569263
5561998213918
5592993175114
5594992857428
5594991182744
5567993293210
5562985527863
5591980965073
5565981388321
5592991488923
5592993841857
5591987381583
5561994086501
5592994572468
5592986316624
5593991807645
5591984100809
5593984066592
5566999290578
5592994948050
5564981230140
5555991918566
5593992162654
5565993474250
5561983183687
5565993405295
5594981964790
5592993038653
5565992840713
5591982047402
5555996865038
5595981242167
5561991959398
5565999856336
5593991004606
5567998898774
5593991319942
5562996438646
5567996981519
5561993162617
5561995670219
5561991773822
5565996977190
5561999338180
5565992728185
5554999540306
5591999714319
5565996827673
5565992587934
5565981294546
5562996790914
5591999432672
5566999008730
5567992283047
5595991459223
5565992911643
5565993281238
5554996479498
5562993206123
5593981002856
5566997207945
5592994188023
5561993466566
5565993587398
5592993854503
5561999752995
5561982783152
5593984047966
5565998026636
5594981144158
5562998263258
5567992544967
5561986623676