84987832559
84326973987
84348160620
84389981884
84962832101
84981564657
84977109485
84339016726
84968892657
84389879012
84398751137
84984401044
84377590049
84963845148
84983956614
84352989812
84973415875
84356059172
84969824814
84972708326
84976124564
84966896393
84984425891
84975313249
84976465547
84987488332
84972517067
84363583240
84978058123
84987358490
84982156814
84347049386
84388802471
84966435870
84986895245
84868004555
84357639996
84336846714
84357257380
84974029462
84978899372
84375636939
84359442139
84869635203
84979557497
84975206552
84366398438
84962381589
84971368166
84965495589
84365220856
84364274748
84962879029
84971969857
84964811983
84975475088
84866816750
84962030658
84354344668
84335771959
84986799686
84979717148
84347150864
84965531945
84987417798
84389522357
84375897038
84971404191
84988816062
84363450364
84962096235
84962159811
84377749949
84395220762
84349521927
84982274767
84368105650
84346722865
84975948955
84972176168
84354858798
84965159151
84989915852
84986606597
84967244039
84985779386
84988458119
84979589237
84981826195
84399020499
84974538228
84987280588
84395269312
84393420545
84964659471
84397638898
84397785196
84979745394
84397772585
84988079696
84865978798
84984152690
84986043515
84397192978
84974378999
84983865890
84973068998
84969355883
84976476187
84985626486
84966611799
84977530814
84962808728
84326159006
84989377962
84389713184
84962135577
84328781218
84397705076
84962151683
84349552683
84961114341
84969405986
84384636093
84866861460
84962381152
84396452617
84967091869
84396933634
84328806097
84981971259
84389386820
84964416434
84977196115
84971552892
84974083063
84986789452
84977823748
84396636378
84987688166
84976213161
84975558668
84973014106
84865098419
84376104858
84985606518
84962134708
84387767764
84339071767
84968833003
84983550875
84375610877
84968838020
84372378974
84866066700
84966938377
84988741990
84398100939
84974334717
84383876691
84972879177
84365471436
84335960333
84985456880
84979674089
84862782622
84385358160
84347819200
84979460829
84989344874
84988302077
84984364384
84868680365
84966367943
84984047628
84358879312
84337124686
84382309209
84979154108
84349572852
84968792504
84399900474
84383976736
84978013932
84987405780
84981067652
84348961280
84973591766
84356304475
84384426184
84986094960
84989037121
84384722538
84387086602
84366837688
84356484734
84866164812
84983848910
84974639912
84353238589
84379849999
84865673577
84966685585
84386402936
84986471445
84353749039
84971405848
84962966990
84349902030
84981682681
84984083533
84368918911
84966665049
84364124134
84984204052
84868432148
84983345934
84964409332
84325449395
84352644645
84976572565
84378890918
84961936810
84985969187
84965986975
84968308198
84349044804
84379314758
84384289860
84986155620
84373463983
84985495695
84971130068
84967912823
84342098533
84979423733
84362786027
84376055941
84362386852
84365744888
84369714494
84865537636
84965554619
84988368807
84332813409
84366170321
84329850772
84862033421
84989427435
84964631828
84389496590
84378678577
84971447647
84987798143
84337959295
84972559154
84978082666
84979670711
84347690639
84869615503
84377235662
84973813573
84972561089
84976840326
84962695740
84388140745
84368776249
84977989842
84392925186
84333805185
84326927272
84865663935
84329016631
84963422817
84384087222
84375125838
84962456931
84359272007
84964439443
84983458397
84393883484
84352277657
84974980767
84395786866
84986683123
84983484611
84379646433
84369769521
84375413524
84968384565
84977852502
84975003081
84383974014
84398608214
84393002627
84974667724
84962764815
84342764982
84394338981
84966293018
84981401146
84985152493
84865486764
84399841736
84392423352
84865983591
84983917275
84327196279
84981534696
84976510502
84969842439
84986687091
84966223787
84344616646
84326688100
84378849659
84986729394
84348612123
84984512807
84339035342
84975533544
84984020794
84985646208
84976250994
84976451441
84978138996
84964510314
84397751870
84974896880
84974155289
84964680426
84868561661
84389548098
84963759777
84978916404
84376877596
84978094213
84974949555
84354713488
84378595121
84973208271
84974291432
84975477597
84358579708
84962783255
84364067839
84988718366
84981344781
84398909889
84384557137
84364250084
84976808333
84984437662
84965476886
84967731730
84984867894
84963476756
84336755644
84965381836
84368920029
84868618934
84394704546
84982756430
84988188578
84392647441
84981667236
84988786983
84975045433
84357620909
84979357260
84962349780
84981068220
84332372564
84362796447
84962922267
84337086282
84363022528
84387856891
84989966330
84972101313
84389007975
84392720653
84978139152
84354067811
84977973789
84988057392
84981457529
84967501556
84868755778
84984014635
84367145924
84988727172
84962656466
84357336234
84337785092
84384389475
84337158568
84984099199
84985970530
84968345869
84976327327
84392200467
84375322999
84378435655
84976024792
84986442106
84343153319
84349704371
84977614408
84969444230
84339130129
84369001758
84969070247
84363843471
84392034922
84365918656
84971717991
84983013622
84394670928
84383773496
84399866018
84963835200
84382042621
84325448522
84979593313
84973945321
84979908198
84987625178
84366104055
84348851805
84984196010
84336485755
84961679571
84975956276
84971975718
84367982036
84983933368
84963290322
84386576791
84369227545
84356782092
84987469393
84342047428
84972779965
84974149418
84389300179
84379921294
84967438302
84972163230
84967802872
84975304074
84375929036
84382673093
84987044884
84377110509
84971687169
84978586707
84372224106
84327927838
84869649690
84964662218
84336733835
84368741992
84961577436
84385517748
84392512359
84355759044
84983857522
84972302377
84377550181
84373210803
84382822374
84963028686
84985771372
84345660210
84965883283
84961206606
84963002910
84968979138
84334916917
84338456965
84378868843
84979023268
84377874467
84962079089
84399992200
84865056294
84984112862
84368654816
84332625336
84973939945
84364258682
84961202207
84357842816
84976735862
84982215763
84976761871
84396879242
84968577697
84865926195
84964862814
84963355931
84963643182
84975473575
84338728740
84347888250
84332340938
84982973864
84989585680
84332909339
84988182125
84962577132
84982143982
84339111235
84982024585
84986041579
84964588652
84395163092
84363181958
84989659104
84966165082
84989627727
84392021810
84985693532
84975201121
84362466654
84971158580
84344159191
84396252392
84966402229
84355589496
84337827063
84396276136
84869766794
84362926294
84977616225
84962613862
84329190447
84869338452
84978607225
84964434448
84326066023
84369295456
84335021425
84975881180
84965978712
84326651643
84968144174
84966567691
84348080425
84345612586
84976665442
84986453519
84379831819
84352205144
84374763833
84974013395
84976523169
84965726229
84335522114
84334824330
84961410706
84345529296
84975875983
84364888284
84384222217
84966857956
84968967093
84964232230
84356646052
84988642264
84862093467
84984719411
84368173694
84397897151
84356004715
84985946150
84971797955
84868324268
84983887057
84968809090
84354286228
84981707868
84988696212
84971128640
84987740846
84988273618
84358923027
84358448448
84968587172