5521979882546
5511916084967
5517996679284
5522988721582
5521967169078
5519993896553
5522998202957
5514996558252
5512997974472
5521969291855
5514998560615
5511967349644
5533984160312
5516992832102
5515996138214
5511963501885
5514991287567
5517997635192
5516994440640
5522997721054
5531999632976
5511973913701
5512992358958
5516997182275
5532998553027
5512992304814
5512992268022
5531997169855
5521969434932
5522998694165
5532984630963
5521969333567
5511978211482
5511912483010
5511959217226
5516997156326
5521977836556
5519984402774
5511981547244
5511977168127
5521992629325
5513974100922
5514996145148
5516988126875
5511976264092
5511934496658
5519981695615
5533999740104
5531993235837
5513981681239
5517996691031
5515988306476
5513996956828
5522997943377
5514981239427
5511950406071
5515988040460
5511995791354
5511980493588
5521998431942
5511991696818
5514997882008
5521970724731
5521974045012
5511952976202
5514998386334
5511973991302
5521965623273
5522999129346
5513996851420
5511942424547
5512988442110
5522999792061
5512997587901
5515991715402
5511916130618
5521965072078
5515998554269
5511978041234
5516988714183
5513988287297
5512981692755
5512981556681
5516997038510
5518991977186
5511962065591
5519992872917
5522988341899
5511943125916
5533999312063
5516996180676
5516993008544
5511952226094
5513991429761
5511958464535
5532999523346
5511948482096
5516991788106
5515996649088
5512997734167
5512996544286
5511948450509
5519996511983
5511911345146
5511978048200
5522998513117
5519999314707
5511986047974
5511958014090
5511985180432
5531991785862
5531991153337
5522999364347
5516993989308
5513997369801
5511985577775
5521990343030
5516992124713
5512997135725
5511917407412
5521970141318
5518997379195
5514997442729
5511970993128
5516999625277
5514999020668
5511941000687
5524993158483
5513981243568
5521997328720
5514996288811
5531990603438
5531991055878
5521979970491
5518991307851
5519992029629
5516992273459
5511953081704
5518997690103
5518997328670
5531971765419
5518997395316
5516981710670
5521979641194
5511970695569
5516991099963
5521970087709
5514996464069
5511992381244
5524993278343
5511983002926
5521973098389
5521967116078
5511986389399
5522981333696
5511972597693
5521980047439
5521993157416
5519995787296
5518981140625
5531989369316
5511981122808
5519989745352
5521965704928
5511974987262
5514996284615
5511911429955
5533991164179
5516993221025
5518996514885
5517981503745
5511943901492
5517996326629
5519986091090
5512996290087
5521976045985
5512974025291
5521960161634
5511984748626
5516994376676
5511948919697
5512982036752
5518991348832
5531985205580
5516996027279
5512988866769
5511932049319
5511963378615
5517988112645
5524993115566
5524998633668
5531998237040
5514997466180
5531985990497
5511970633627
5511940356517
5511951431934
5514998578983
5519982145138
5531982623308
5522998303840
5519992526961
5511942032040
5511950806937
5521990809522
5511943142828
5513997942655
5512997569614
5522981847481
5513996922482
5531972030691
5511911320501
5514997183871
5519993714407
5511976219472
5531982833853
5518998192276
5511994620788
5521985884710
5513997461920
5511943287199
5511985894024
5517992746712
5517997911807
5518996000494
5511962203163
5524998660551
5522988102927
5518997358281
5531975424263
5521965649430
5511916932082
5513997978126
5522998616033
5511951489226
5511937618243
5532984136921
5511934897331
5514997372315
5516992487351
5518996060597
5518991975210
5516994522478
5513992001823
5511912427964
5514996737295
5515996200227
5515998310149
5519995895117
5521969105425
5512996500189
5524999616595
5511910272334
5521965544778
5512991995722
5515996786442
5513991259868
5511984093406
5511932379976
5524974013933
5511971645322
5514996193461
5513996393054
5519981408295
5511968091107
5521992648448
5511978942433
5515988344126
5518996545715
5511989522906
5521971964917
5516993822026
5511959103441
5517981109427
5516996227874
5522999706293
5522997713334
5511987639446
5518996217866
5518996418045
5533999496280
5511969834017
5531988231251
5515997189837
5511963347754
5522988298493
5531973015059
5521974634032
5517988018148
5519971434214
5511948484185
5511911058442
5522997570092
5513997225943
5533984110495
5519986077497
5511961531218
5518997056804
5521975061291
5517991267389
5518996775068
5521974160186
5521970276878
5511988020172
5511995903355
5511967437603
5511953274691
5511958424387
5512981985675
5511954965407
5522998347920
5511954281510
5511983258956
5519993960416
5531987947103
5522998110644
5512981445150
5524993331442
5513997369490
5531991520790
5513981286676
5521974491614
5512997025474
5522996121704
5518996244019
5511910483751
5533991344050
5511919151422
5513997312544
5519971280966
5521967096451
5521993292335
5511984165893
5522997401106
5516993897109
5511984935518
5516994471299
5516988664475
5522998085902
5518996766769
5513997375266
5515997519988
5521965859090
5533988057153
5515998547771
5519984133108
5519999324955
5514991856084
5518996703690
5511997513968
5515996677057
5511972610896
5516988238586
5533998188044
5518996756603
5522999678507
5533984600146
5531972108263
5511953978557
5511913601799
5519988717758
5511940430208
5511942186153
5524999785869
5511941614007
5514998840761
5522999661258
5516993236445
5511947997580
5516992069705
5531995040821
5511941890940
5533999821998
5524992540353
5519986083937
5513991489542
5522999535539
5512997467785
5519991694193
5515998491703
5516991798212
5511963652316
5511944912906
5531986100344
5514997537721
5521980216085
5511961770557
5511952838736
5511980584187
5519974194876
5521981691299
5511954632085
5511964383703
5519981311397
5519984465028
5511993594363
5515996723176
5514998835792
5513997526345
5511971752691
5515997952411
5516993710733
5514991590130
5524999210972
5519998928363
5513998048248
5521998676919
5518996173569
5513982127510
5516991378402
5511959154729
5519999695076
5511960612718
5532988880424
5511994762355
5511964321571
5511970798033
5511913241704
5511933549920
5514996002067
5521983106327
5531992037391
5514999029624
5521977472672
5522992885479
5511933478135
5515991450579
5531999611296
5519982569958
5511974270520
5533988212637
5516992434704
5521976305581
5521983885113
5512997798085
5519997639859
5531995473197
5519995403768
5531987080875
5511966728139
5511964894623
5511992336336
5513974189764
5518997380653
5519999776809
5531975152646
5516993825458
5515991145501
5511994219668
5511987928747
5517991867971
5512981934520
5511973279274
5524999784943
5518996656205
5516991357348
5511934437351
5517996317679
5518991003900
5524998576853
5518991275869
5521996356476
5515997612743
5532998498182
5517988348880
5511930481321
5515988238389
5531995554749
5514996329778
5516996348190
5521977203592
5512996863576
5516981292553
5519988668260
5513988020007
5519994560623
5512997458433
5518996938410
5511951624009
5524999584498
5521971117576
5515991877879
5522999329376
5511985967021
5511996043834
5522997982279
5521994259721
5514997668274
5524998152897
5519987157675
5519998529709
5515996652466
5518997045888
5522997110429
5514997448476
5521994170936
5511913410988
5531980163967
5511990162398
5532999507189
5521994096297
5533999450985
5516981325055
5522998346295
5514998808511
5524999934203
5519997131394
5514991301587
5512991787034
5514998692238
5516997433161
5533984673312
5518991560432
5516994280927
5514988102647
5511968733730
5511953247737
5519971483014
5516996418338
5518997541457
5533998109462
5511953754168
5519983255038
5513997940262
5532998054117
5511985430685
5524993210484
5519995521908
5521970734366
5521975741326
5531975245003
5519981080014
5521979539690
5519998812073
5531996293939
5514996112818
5519987160123
5511953529128
5511932641343
5518996893871
5511961531942
5514997082124
5517988133405
5519996735315
5519971011263
5514997616932
5522981355673
5524999643477
5516993761657
5524999487990
5514991887411
5514996266163
5512988742252
5522998021017
5521967145059
5514996651241
5518997810708
5524992024464
5533988636192
5518996394852
5516982024416
5511991655976
5511945591739
5521990185456
5521964275109
5518998266712
5511985123687
5519982792645
5522981397555
5519996809691
5511971689540
5511932493503
5519981614317
5532988733799
5524999226800
5511980570807
5516974040371
5532998436186
5519981402615
5513996765535
5511975968621
5531975934661
5511977173627
5516997811148
5516993910134
5521969772589
5511953134094
5511953078482
5511953551107
5511967530781
5531987611661
5522999312898
5521979464869
5519999704965
5524988590579
5511969587281
5512997195998
5519992661214
5514999065981
5514981103706
5517991847102
5521997676203
5511913438236
5519981389895
5531995742643
5519971724710
5521979026135
5522998106538
5532988419675
5522988480992
5521975172799
5524992031031
5511986713354
5516991777845
5515998009536
5521977375152
5516994644372
5513981125088
5513991167155
5516990983522
5511994588655
5511957965316
5531972198768
5511982302575
5514997796852
5521995865321
5511981324144
5517981874124
5514991057540
5522992437249
5518981091887
5511916745656
5522998744401
5518998130314
5518996707722
5514991392006
5516988018003
5511961022157
5521966517591
5514996560308
5532999174331
5511934837997
5511993773154
5524992017789
5511978017614
5511942605745
5511947125355
5522997398992
5521974464930
5511982039173
5519983201666
5511968710357
5521983834456
5511912015135
5519995493020
5521988393828
5511954466452
5511964994263
5511952349829
5514991357492
5519996951001
5519997088327
5519997036141
5521976629910
5518991496881
5517988320213
5511953595828
5511959662034
5512992520696
5533998570101
5511983969908
5511966999231
5511975845177
5511994372664
5516991195519
5518997021297
5518998241398
5511981443768
5522999943420
5512991268702
5513974236650
5518996897977
5514996551303
5511960198303
5511985675990
5531984660731
5511959189713
5524998856993
5511984870228
5514998333901
5515996781379
5531994656171
5519994982171
5517991539122
5519988978430
5519981698455
5533991032850
5511968714298
5519971553590
5513981864378
5511995158180
5514997899813
5512988080036
5531994962224
5521976640325
5521995058749
5517988461550
5518996438002
5514991301428
5531971701368
5521971780713
5517988100790
5511985869748
5513996180561
5519997562131
5511962427421
5511949549852
5531983996177
5512996470821
5522997068345
5518997893865
5512991715270
5521989536324
5511975582394
5521985245564
5521992283202
5521981668803
5519995779104
5511948105736
5531971457376
5531996190946
5515997129760
5531996398757
5512981319369
5514996868131
5511952796577
5514991389166
5511986416392
5514998316966
5511971516912
5511951641957
5522997607073
5511995933989
5511977089693
5511961059726
5511984273519
5513981071127
5522998870102
5511949949248
5512996240859
5511977615665
5521975421291
5517991760701
5516988375506
5511985070924
5521969703915
5531990906977
5511940511567
5524999668353
5533987506870
5511986206311
5516991379264
5518997202803
5519991498540
5511932067934
5516988137541
5511943349876
5514996206426
5518996481151
5514991188560
5511986340565
5513981377930
5531986818496
5533999483130
5514996581748
5511966822489
5522998001013
5511975273066
5518998204980
5524998479278
5513996909674
5517996480255
5511989351636
5511985638950
5519991354442
5519994457689
5522997724032
5519999006978
5514997375884
5511916617075
5513981795486
5518997337952
5513991157753
5516997786940
5521977319256
5521972781527
5514996248613
5512997374825
5514991286403
5511932272896
5521982812605
5531991292537
5521974648761
5518991667284
5519989214894
5519994673948
5512996498686
5513988197198
5519991174976
5511939456261
5517997664103
5519989901420
5521981449758
5518997660347
5521991107948
5532984105006
5516996382380
5531991052420
5517997670242
5518997762808
5511957335322
5531989307815
5511963613884
5511911087720
5519997938882
5521986492176
5521997858381
5518997135781
5511989191048
5517981774912
5511981384281
5517996619469
5511932315606
5515988000614
5511981398922
5511958715763
5511931643008
5511957724388
5517996771803
5511917628173
5511954057990
5531999683110
5531988414571
5514999255497
5511969176740
5518996229775
5513988168971
5511998613548
5516991590185
5517981759830
5513991835771
5514998420762
5517992451245
5517997212931
5514998217039
5514988002392
5511986544379
5515996735166
5531991368052
5531991139750
5521965084809
5511940577402
5512982982998
5533998003965
5522999531770
5518996003624
5521976353226
5511981459049
5521979228843
5514998945224
5521980353785
5514998514681
5511970459355
5514991310428
5514998287374
5511976871887
5511977181419
5511967754924
5511984496866
5519983832027
5521973199279
5521998101402
5513997772066
5533984087276
5514991131553
5513974109874
5518997409121
5514998474632
5511930113311
5519991708946
5513996186694
5531988519201
5531997515383
5511940771590
5519995113572
5511979557424
5516988366742
5513996814996
5516988259079
5511966706341
5533998477962
5511959808814
5512997415088
5519994586573
5511963114834
5519995003505
5518997214417
5531997867173
5518997202048
5531982269059
5531995898801
5531971632058
5514988054958
5516997025550
5511980655520
5511941712147
5521969999281
5519982483674
5516981847081
5521978855647
5519971548161
5515998273227
5511963904054
5511944655315
5511964285244
5514988031275
5531992443263
5521981590637
5531988384641
5512991035440
5511947743733
5519995737070
5511940015118
5531989701588
5515991214001
5514981214985
5511973835505
5522999992853
5512996505474
5511937242461
5511976885914
5511976693102
5513997570935
5521997261420
5511979648621
5515991149129
5514998249820
5514998306452
5519971395205
5511994344866
5521998927002
5519994058241
5516991851631
5511965081949
5524981861174
5519997731329
5522992173582
5511954279818
5511952344665
5518997794254
5519993321071
5511952901533
5511972062491
5521974130462
5514997288250
5511984876044
5522992021053
5519996974686
5513981323900
5521979958628
5513988244695
5522992486859
5511987079751
5516988329228
5511991419255
5511987672442
5521991911247
5519999673506
5511987327600
5532984656097
5514996766781
5511977925127
5513996778971
5531997921565
5522997731622
5531985824020
5514988277423
5519998152831
5516997544786
5521970809039
5511989227838
5513991856896
5516994623652
5521972007803
5511987713109
5521968221359
5521988482070
5531996301116
5519989269357
5511958971356
5511943026998
5514991957646
5522999975848
5524993346390
5519991689058
5514997309102
5514991481949
5511918366289
5516996007372
5513991206985
5518981585835
5533988055075
5531971204608
5514997059960
5511945610424
5531993907608
5511962141635
5531972069022
5511945258415
5522998045596
5511984181709
5512996792160
5511991886197
5522999258618
5521980922396
5512988452080
5531987710648
5521982565570
5511961645638
5513981400127
5521995510481
5521993681294
5516981316872
5521970883691
5522974047572
5511991685468
5519987674504
5511913165747
5513981334132
5531993521294
5532998252915
5511953431287
5519997845520
5531998103442
5511934715821
5513996977452
5519991974623
5515991597510
5522981658560
5524981541117
5516994589574
5511932433157
5511970716530
5511983521887
5522981540975
5519991167869
5511950289171
5511942439026
5522999335482
5521990396082
5522981382336
5511940615419
5511986356045
5517997271887
5512988795038
5512991895941
5514997056519
5512988802115
5533998781163
5511965801227
5511945776227
5514996745593
5518998244007
5521982728795
5524993336489
5518998165750
5511951364263
5521991520021
5524999366765
5518981210823
5524988627416
5511930349612
5514998238453
5511954250226
5533998331973
5521964542497
5521993536067
5516992469943
5511951665467
5512991214952
5519994188091
5521965309177
5511993105690
5531984794649
5518997902282
5511965003722
5517981612811
5522999144285
5518991659242
5517997376925
5518997098242
5518998203306
5514998194906
5514998473503
5514997764264
5513982076586
5511942455038
5513981078051
5511993378283
5521999618740
5515981359422
5513997986240
5522998018055
5511975728930
5519996255679
5531998352622
5532999134746
5514997431017
5514998472538
5524992299876
5514996616010
5511965863798
5521980164114
5518998149045
5515981503494
5518997627046
5524988417100
5512996255958
5511964494655
5512996028385
5524992006769
5521968594048
5514997624375
5533988060523
5522997226066
5518996746721
5531991898892
5511910241103
5518991498133
5511940403020
5513998087468
5511952042663
5521988636107
5522998552089
5531999449866
5511978989990
5511926620355
5516997527197
5531997478073
5521975172328
5518991090546
5513997003504
5531995269304
5515996735469
5521967068351
5533997058385
5517991941192
5511976881002
5511983186683
5513997366783
5511976527091
5511951798713
5521990808063
5511977213097
5533998094773
5524998849221
5514997276316
5511940114071
5513982073802
5519991731624
5513974158915
5531998387335
5515996217080
5522998477771
5521976340873
5521966838801
5519995640812
5521966893213
5532991238117
5514991206634
5524998384747
5511972228980
5521996925471
5511958174618
5514997933034
5511975708869
5513991595926
5517988432247
5521976159759
5512991933247
5521988941002
5521969703626
5521995031162
5521993457726
5514997910710
5518997728106
5514997765441
5511953683804
5516993968092
5514997368414
5532984004823
5531995634701
5511948558813
5511949166117
5521981475204
5511963352361
5521990342179
5516993449269
5514998290397
5515997697494
5518996551312
5518997724528
5533999415241
5531994365544
5531986876803
5511958428549
5521983746636
5531986601512
5516992546681
5511990262611
5533984065558
5513996030735
5519971307158
5511975348997
5531984814191
5524988452411
5518997638964
5514998350832
5513996096923
5516997561256
5513997802969
5518996864779
5511997864150
5515992639713
5519992271206
5511998837818
5522999278718
5521970371504
5514991821146
5519981471330
5521990716911
5512996079195
5521968638509
5521994576073
5518997038538
5517981594346
5511945337292
5514988149028
5512997733921
5513996564960
5531990834048
5522999390729
5511948501209
5511933198035
5511953954153
5511985491202
5521982487121
5515997721978
5521993338430
5519978266546
5531998476326
5524999298833
5512991535391
5511911584352
5531998521487
5533999093574
5513997117258
5517997081312
5522992876444
5512981025974
5531972076309
5511956376312
5522988029975
5521965424846
5512974033223
5518997376334
5511943727700
5511963228921
5531993886443
5513998002407
5521997592588
5516993044660
5511946405607
5511944540542
5511972444407
5531975292039
5511956633626
5521969167802
5514998902356
5514991429119
5516994418623
5521983857676
5511987833195
5514991492071
5524993197888
5522992385217
5522996106746
5531995465951
5511953103743
5511984098623
5514996813244
5511998767676
5521994316023
5512991781082
5522992370819
5524993229150
5514981540163
5513991269729
5521990678071
5518988254325
5511985779665
5511987380737
5521998652652
5519991554910
5521979101807
5511993363283
5515996113167
5521966613286
5513997374865
5511965399997
5521986585147
5521967788690
5522997192617
5513981593365
5511996604895
5519996878021
5531986305565
5516974068791
5513997815278
5521999240803
5531971709099
5531972110262
5515991504310
5511987759717
5516993317983
5512991745783
5515974015469
5518996558752
5511957926233
5521976858527
5519971671821
5511957924091
5521986600810
5517996728972
5521967494670
5513996401348
5531996900347
5511960563335
5511999105437
5511913290455
5511962105742
5521983949317
5511987309584
5511992811479
5522998119478
5519994135736
5517981067033
5519989757055
5521965067644
5511984035695
5512974086285
5519989902352
5515991033375
5517997755536
5519987679195
5516991718510
5521981083315
5511951795026
5519993253926
5511963034615
5511952237097
5511930176829
5531988580081
5518991082967
5531995214264
5518981562826
5533984291897
5514999072426
5519998321699
5514991205203
5511983524792
5519983342699
5511995585671
5522999280739
5524992567295
5512997123381
5521998556339
5521999961710
5512982628884
5514997521995
5519987388314
5515998191622
5513988081204
5511981515788
5531992490601
5522997007467
5513996633625
5512991560942
5524999490141
5511997425445
5522997641237
5511985638992
5515998063571
5516997538575
5511972905886
5519988737106
5516994252683
5522997365951
5518997914919
5511910332331
5517981553363
5511969783986
5524992207416
5513974233597
5519996388340
5511918762375
5519995175022
5521981329055
5511967691246
5531971891502
5511937418850
5511970791411
5522996011002
5531990704797
5531998670571
5514999090449
5511971697728
5518998239016
5511958068211
5521994466114
5518981439445
5511998971134
5513991872882
5519996498269
5524981744699
5511995016915
5521967698323
5511971260927
5531987371790
5531981073642
5521975882007
5518981244962
5516997441359
5517996450904
5531995425067
5531991941066
5514998630468
5513981942903
5514996798217
5511942940496
5516994060114
5521974919878
5511986914624
5513974102613
5516993980127
5531971617457
5521969536194
5511942160611
5511999460058
5514996131857
5518996348449
5511948262892
5531985299762
5515997635249
5514998189821
5519982578655
5513996143289
5522988770251
5511973356114
5511946750590
5521981674671
5515996397607
5514997653578
5519989937710
5511940832961
5521982821599
5512997212487
5522996201691
5521986945137
5511983275612
5518996975630
5531997387616
5518996044804
5515996103657
5513991637534
5518996357903
5511998928103
5516993554326
5516991549784
5517991259044
5519992651082
5532999977382
5533984533806
5518991685212
5511912831834
5511952983592
5511951487083
5524998551989
5511978907155
5518988253282
5513981402699
5531995117432
5531984843316
5511941932747
5521974737918
5512981365878
5511974793326
5514982144948
5511964110903
5514988378927
5513988257727
5532984453961
5511970572327
5533991154604
5518997752649
5531985057343
5521974246270
5516997594405
5512997375751
5519991927088
5519989285313
5531995723553
5517991317806
5511977428351
5511939066022
5519987311259
5514998448058
5516994350417
5511965180934
5518981889125
5519971071313
5511949353257
5516988127806
5514998925818
5516997922984
5511946747619
5516997704356
5513991120030
5512991950754
5522999058383
5521964807415
5532998225966
5517991482945
5516996202617
5511932216618
5511982164725
5531975752423
5521982243876
5518996626695
5522998004766
5531991366155
5516996364890
5511949427138
5522999130188
5511954514761
5514998205954
5514997313422
5515997633845
5519994004999
5511910079036
5511932805985
5513997756564
5518997324872
5524992938602
5511910664023
5514910043540
5511986053243
5515991738206
5511970741265
5518996421099
5521980299817
5516988293788
5511983703422
5511974159184
5533998524823
5522992126314
5513996648291
5513996704794
5513991804205
5521991279950
5519995945133
5531991081731
5521983662664
5515981535581
5519982567323
5533991517948
5516997744012
5521970691847
5511941029935
5516996395276
5511954638278
5524988093013
5522998725986
5519997577767
5516994640728
5515996399356
5511957373973
5531997316038
5522998511296
5522998238552
5515997643878
5511915576924
5521979947048
5513992110080
5511953756899
5511946859779
5512996699247
5511999163739
5516996410153
5521978957857
5514999063755
5531983014742
5531986119131
5517991775281
5532984570167
5512991078466
5514998111137
5531982394774
5511957131113
5522981822535
5516993781017
5513996002484
5532999486843
5515988087471
5511977951379
5512996268399
5522997941534
5513998063948
5511998122751
5518996360363
5514998282002
5531993149485
5516999939984
5511976798410
5531984855631
5517996769131
5514997813887
5511913263430
5511970764979
5519983745277
5511964657928
5511978248730
5516997143358
5511966341434
5511980643538
5518997266142
5514998965272
5521993881467
5511914796146
5515996598247
5511958767055
5511967367845
5512982037527
5511972083741
5511988798285
5521981506929
5511986777666
5511933599492
5511959192707
5512982753903
5531987253384
5533999579356
5511985505702
5511948995416
5518997208094
5532987096054
5519995142032
5519997628308
5519992484950
5521966286360
5511982040246
5522999520971
5521975188012
5511948735691
5511947221810
5514996776407
5531997374304
5522997899046
5521997873865
5515991748106
5516991375667
5517992061779
5511998323270
5512982247540
5519997370288
5514998294150
5514991849286
5516992269390
5519981278542
5521968369622
5524992640416
5511951272347
5511983393903
5521996353214
5511952058882
5524998429113
5522988101069
5514997425357
5513997619399
5516981398122
5524992115786
5521974279048
5511948799800
5521969014442
5522998633773
5513988433196
5521973436056
5521992852050
5517988077412
5524998623646
5511956842285
5511969323557
5521996923838
5511988133903
5512981400015
5522981475104
5511974295516
5522998738040
5516993690488
5514998792012
5522997843894
5514996376775
5521990390515
5512982988122
5532999561125
5522992054906
5516993595419
5511945189216
5511981672933
5511981871190
5524998555604
5518991701085
5511977187645
5511930505139
5514996779674
5516993069292
5514996359957
5511992818588
5512981938372
5511942675652
5516996391388
5518997520637
5513992046806
5511985698267
5514996528266
5511966963213
5518997199532
5521970213362
5512981584149
5531983418966
5515998012327
5511949216750
5522997650393
5522997598907
5517991999535
5531975249858
5517997840227
5511993048218
5533999931012
5531987413701
5522992164008
5511969836868
5531972277290
5511940783819
5531991110403
5522999301782
5521970668045
5511932792669
5511956866865
5511953717639
5517981710993
5511979710760
5524998721341
5514996831502
5511965812073
5531997179011
5511982799214
5531983201234
5511963082137
5531997002652
5524998429343
5522997923143
5511957755437
5519983541870
5511985783654
5511981304140
5521976599735
5511945845958
5511958365185
5511954440869
5511973308670
5511917046993
5516999618955
5531996830753
5522998278182
5511916620355
5511991313412
5511951138190
5511985100207
5533999273510
5532999670885
5518997935975
5511982328800
5511988050949
5515998246138
5531999916024
5515997685015
5511948466537
5531991221090
5512981573817
5511916476077
5518998028796
5514998581945
5511946707421
5519992820662
5521969405775
5511953676191
5511972525269
5533998363941
5511996840739
5518988238227
5511949936561
5512997944496
5531988781026
5511970260234
5532984949196
5511945696148
5516988399788
5511953930709
5531983467653
5511992421029
5531972188092
5515996572358
5512991561878
5531990712811
5511963151786
5514998860915
5518981762909
5521973659792
5512988875920
5522998402107
5521968753265
5519993993411
5522997093721
5521992591131
5531998161527
5521979151418
5511981702991
5515981492604
5514996197935
5531972656395
5515996285404
5511972058476
5511998729062
5531995520837
5518996633894
5516981109484
5521995016119
5517998108753
5524981119605
5531971018866
5516993661051
5511981630006
5518988118933
5511962199686
5515991197972
5531995802600
5511962794058
5511985664993
5531994325714
5521983094349
5519971569433
5513997043025
5522997303723
5514997028675
5511952323407
5511993886604
5511984596758
5531986491469
5514999057206
5531985128525
5531987236625
5511979562309
5516974003308
5511975683644
5513981682711
5531999193251
5511953551539
5517996183785
5521973567701
5522992099652
5521995247024
5513997221749
5511954213483
5518996807394
5518997094517
5532999257414
5533991730369
5531992557060
5516996390725
5514997533460
5524999053885
5514988387539
5511958532596
5518997319298
5533988497305
5524981343251
5511948269796
5517981596184
5511949571566
5521981625135
5511999658248
5531975750722
5511984617203
5513974190365
5511986270389
5519982649933
5511959772352
5512997735057
5517997064566
5518996207359
5511962901808
5518997292482
5513988822701
5513996857859
5521975298505
5518996117940
5522999871479
5516996269822
5511934956052
5533984219904
5512988563356
5511981006956
5514981445615
5518997694139
5516992542946
5516991643850
5518991338488
5511957991029
5513996922559
5531993174512
5531991953972
5518997379464
5531995445562
5511986644364
5511987083495
5511964409540
5511998171915
5511977123768
5511987296016
5511954477554
5511949983376
5521976962913
5512345678908
5522997205722
5512996180937
5522981373312
5511934895650
5511989134057
5511918499009
5519993393239
5518997515873
5531996548759
5517991659841
5522997161052
5511977023210
5511948190923
5519978174022
5511951589448
5514998952203
5511978767819
5515981321821
5513982157298
5518997155578
5532998011532
5524993042801
5522998887298
5524999774718
5524993245743
5519992411494
5531983370168
5531995176125
5516988777816
5519971260995
5531992162773
5522997224660
5531991683578
5512996235612
5514997990872
5522999567890
5522997046508
5521968312809
5511974712200
5522998673566
5522997099184
5515988306972
5511968918308
5521987131002
5511960761238
5521993955604
5514991779721
5531997358858
5517992022280
5511963457418
5512991227270
5511992976238
5515997678181
5514991769913
5514997429964
5511978315257
5531992753675
5518981238572
5522997102583
5513988160123
5513988064549
5516996280337
5531983028875
5516991338679
5531972256953
5512988633364
5512997506934
5513981627946
5513997577197
5512981508022
5519998859952
5522981444821
5521973065099
5511972422467
5521975834146
5511940388946
5511941365305
5521979265750
5516996279475
5531982082133
5519983313349
5531971435925
5511948726733
5512981592361
5511934624123
5531988681148
5521968430714
5513996602047
5511955892011
5511951633026
5517996447597
5512991814599
5514997684217
5511999671894
5518996795272
5511958918204
5511986184475
5514998524531
5519988527715
5511960323543
5516982080779
5533984413210
5514998886552
5521986759147
5522998998553
5514997099463
5511978540864
5511988577993
5512981806127
5519971133737
5514996283057
5519993425628
5514991974066
5531971059393
5511968367011
5516997445652
5532998598251
5512992095524
5511946620370
5518996557258
5514981468022
5513991045620
5516997976395
5511934406740
5531992694106
5514998567913
5521988686927
5515996699095
5513991520329
5516997541992
5511937779942
5531983859612
5511962948217
5513996798225
5515981100955
5511988467383
5521968491486
5511959381678
5516996374673
5521959371265
5514988059029
5522988000142
5512991538403
5521972705410
5511987829248
5512988719414
5531986926688
5521992946227
5511994542835
5517997337822
5517981622450
5511984834160
5517992275000
5512991108806
5518997283206
5531992747699
5521993398975
5516981602591
5532984059131
5512996648416
5512991039150
5531991553251
5515991384232
5518997390518
5514996874421
5521967793798
5514999025480
5521970425721
5518996839723
5531998399979
5522997230351
5521972622448
5511982243973
5531972071851
5522996109886
5515998225224
5522999023329
5519991554680
5511973844438
5516996379877
5517982053309
5511949196882
5511996145792
5511975382419
5514981246075
5511973531815
5514997396930
5511913340004
5512982222904
5521979302022
5511993906472
5511976790523
5517988222464
5513996307157
5511945471484
5517996326254
5516991648175
5511940177060
5521972263320
5521986610339
5519996861215
5531999924727
5517997364049
5531996112468
5512991263437
5511990244287
5518997633218
5511942310703
5511947284839
5522997148126
5511993771675
5518996323072
5514996642095
5511983152609
5511959780711
5518998154660
5516991098879
5511940344455
5511987109866
5513988282211
5514997107382
5517992479171
5518997321775
5511963910314
5513978030555
5533999474790
5511981602389
5511962101953
5533988998245
5524998168491
5531997463828
5519996413182
5522997785895
5517996457489
5511987654327
5521973947965
5531993608139
5516991391598
5516994326114
5521982381412
5519988490732
5521974842750
5511942906156
5532988014607
5522981444186
5521968202216
5511981011383
5521983649594
5521967276491
5511964034707
5519992864266
5513996777946
5511957955855
5521979331774
5511930024379
5522999518900
5511940888929
5512981029875
5512981765486
5515996132246
5519994562349
5511959440814
5522988329642
5521966114547
5521979757357
5511942272002
5514991522961
5511960723478
5518997114133
5511988877366
5516997368865
5531996980858
5514982255798
5521981223872
5521984257996
5516997313854
5521976973580
5531997047172
5511963637980
5531988462790
5531992972904
5519993552770
5524999046269
5519999377402
5521965644876
5519991680875
5512981996668
5511989335328
5531983088571
5524993167951
5514988357576
5531997673947
5531988679356
5521974301606
5519998216683
5516993578160
5519981805687
5524999047090
5513974053274
5519999914084
5517997654057
5522998356233
5522997764864
5514997221489
5531971740319
5533998164680
5518997426356
5521997844831
5511945687743
5533984443404
5511948078250
5515998167681
5521980119657
5532999681697
5518991665032
5521969490390
5519994285222
5531996443360
5521983063255
5512982370362
5513997075166
5521976960336
5524999365765
5514996387440
5516994378130
5511954497391
5511956958771
5511910034621
5518996119309
5518998036196
5514997102995
5519997892680
5518996266068
5511949313355
5521988786683
5513981779065
5514996896657
5519987165233
5519999379867
5521975061391
5513997740175
5521974202403
5512981833323
5518996012111
5511983865738
5511932756482
5533998205104
5533998716895
5519999080814
5521978795337
5511933917620
5521970840428
5512997741908
5514996095468
5513981606234
5531987094417
5517996591578
5511962809897
5531985128921
5524993104231
5518991950521
5511959667500
5522996059543
5521995836168
5516993501037
5515997541320
5515996379438
5518988172272
5519994745538
5519971269714
5531983139324
5522999872167
5514998357273
5511937600860
5522998030464
5531992116032
5531996347887
5511932069385
5518997680411
5511972743552
5511991081059
5521992851311
5514998608470
5514996605116
5531992902823
5512997235023
5511913407956
5511964992848
5518996769255
5515997112473
5512982149868
5517997484822
5511949030479
5514998287101
5511948780907
5511965422257
5531984152876
5531973023922
5511962179228
5515998389798
5519994385497
5511989921641
5533998283715
5511962432907
5521971091516
5511982803205
5531994733853
5517997931363
5514991038409
5521992896009
5517996555617
5532991150655
5511998304869
5517982064094
5511940283490
5511933756250
5518997714715
5521964913378
5514996101191
5516993262873
5511972472008
5515991861977
5516994622317
5511952609027
5511917884985
5516992924762
5511967202319
5521980884549
5512988442582
5531987094498
5521991139357
5517991812728
5521995866603
5521971762536
5514988406964
5522999336403
5515991658192
5516993526507
5531974017111
5511999939225
5512988398202
5533998370734
5511998602231
5521985860512
5511915291683
5519997932742
5511952689314
5531991290942
5513997710394
5533984679924
5533991441543
5512997212526
5514998091479
5511984474670
5513981459199
5522998242051
5516999612323
5511939333509
5519988372803
5516997689598
5521982433160
5511949775591
5513997054447
5514996254779
5521982977998
5512991807459
5511954411058
5511952168268
5511976718198
5517997381174
5513996163204
5521980377742
5521971244645
5518997076508
5511977856451
5517981030737
5512982403975
5533991193433
5512991152537
5522999651939
5531981029052
5516991175580
5511959033490
5518991918411
5516994403451
5513996088061
5511975875121
5518996124704
5517997756670
5511959473066
5522997558469
5511930343842
5519976008474
5518996767703
5517996296086
5514997708537
5511999597931
5511997266605
5511913393365
5511945034982
5513997838624
5522997551439
5511978024315
5516992400785
5531981078681
5519988633996
5512992256220
5522998783229
5511976008861
5532998178879
5521996536629
5511978020613
5511932705017
5533998248821
5521972169830
5531972209238
5518997040344
5518998082844
5531986469836
5511958882146
5515996526299
5517997259707
5518997708078
5511990182311
5522988259422
5519995135729
5522999056315
5519978280292
5521982308563
5511951692145
5511952951304
5521980542818
5518996998117
5521967703959
5511938058682
5511958181289
5516982215201
5511972850816
5518991603097
5511998104265
5513982039945
5514998622314
5516981101700
5533988403270
5518996731121
5516993853779
5519999312347
5522981022325
5522999028604
5515998399267
5514982072102
5511984988517
5522999096367
5517997426678
5511988338203
5511998159075
5511914439777
5512992021391
5513981204859
5511972178310
5531985970856
5514998992956
5521999081232
5513997425538
5519992883494
5519992581761
5533991383169
5519971276492
5522999746515
5531972155199
5519974064322
5511987174275
5515997993606
5511940574746
5512992129672
5511968025390
5524999789938
5511959536842
5519981383739
5512982970779
5514988324131
5511983518623
5518996498820
5521990697401
5511981379685
5524998818123
5514996899637
5511966595758
5516993834745
5518996566048
5531988587614
5519997940936
5533999953819
5511970755216
5515996912485
5522997121129
5533984505356
5511934928946
5533998260532
5513974062164
5515998612547
5521982709565
5511959722309
5513996441185
5522981701950
5519995051405
5521971698352
5514991079113
5513996368742
5515997416378
5511978480353
5511952259766
5511963536201
5511940029029
5511952977092
5522997685276
5514991660231
5517988304003
5519999265606
5521977048698
5517981322878
5511981557250
5521994893711
5517996039904
5511940133856
5531971864214
5512981074796
5511978790279
5511951364512
5531995562437
5515997318616
5522998814693
5511956963127
5516992853247
5518981645966
5511956603753
5513997685167
5514991282784
5512982952528
5516997036972
5511933736738
5521997945738
5511974216772
5513997242171
5521993329687
5511959314663
5517997167709
5531983603172
5521981827376
5511977925509
5514997225424
5521975497600
5521966558677
5511948888084
5533988185051
5521970346647
5531983438335
5521976512372
5511970855006
5522997021993
5524993344288
5511958485214
5511953489435
5519981680069
5511991618660
5531975959371
5511948388099
5515998538660
5511973330003
5511961398681
5518981618155
5511913305748
5511933096364
5511951277693
5511988046721
5518997002296
5519989177240
5531992415084
5511954684553
5512997928266
5516988524031
5518997445655
5517988263277
5513974164790
5515996168698
5511991667180
5514997283912
5511968821025
5518997977913
5533998083402
5533988676891
5511974951636
5511998078094
5518996014373
5517991967574
5522997381169
5511999114318
5524999238560
5516991077288
5514996138218
5521966367294
5519994486055
5518991655111
5531999076760
5511952117486
5521988191205
5511948760710
5521982999493
5531972382850
5516994128546
5511961545586
5512982048012
5511968949093
5519999158882
5514997655230
5513988549113
5516991336062
5518991085009
5516993608835
5518991744458
5512991943625
5521991114756
5513996445304
5513997811025
5517992356929
5519999758568
5515996131298
5514996752380
5515981321802
5531999284481
5524993155186
5518996683985
5511984350640
5519994994821
5519993116846
5521972217004
5532985108977
5511994962335
5522998650713
5521975031722
5511965437756
5513996015683
5522992039427
5512982612156
5531995814590
5518996242695
5521972454241
5517996615559
5511952202472
5521982033226
5512997372517
5511977296485
5513991164552
5521979948869
5519992742625
5531989870869
5518997125796
5518996596054
5511996257318
5511969220846
5524981292178
5522998520636
5514997746991
5513991091326
5519991787883
5533998236460
5516981800019
5515997103541
5521980927956
5521996626400
5511935351228
5516994341508
5518997527975
5521991558070
5522981315997
5512996745273
5521965709240
5512997744787
5513997973763
5518988144077
5522981303432
5521992821980
5518996410431
5519995865568
5511951745989
5514981384365
5522997835566
5533984029495
5511910695176
5531995218651
5517992336839
5511975402122
5531996541625
5531991050302
5511956584707
5517988430158
5521965186099
5522981837405
5511978025266
5516997210851
5519992199973
5511952468317
5518981489679
5511951311477
5517996813978
5519971034667
5511958703989
5533999156901
5521999188661
5514981715724
5521979141674
5514998603597
5517997032142
5531992474912
5521976185484
5531971848411
5518981439792
5511971438037
5511988559742
5513974037607
5511948625411
5521968029883
5511991751030
5522997370470
5521974406419
5531994467807
5513996924711
5513996960063
5511915808026
5519993355207
5521974156157
5532998597566
5511978497684
5519992261863
5513996353299
5513996227254
5514997253441
5512997341636
5511964289042
5511973008561
5521992807191
5511940647290
5516997601734
5521992211352
5512988175460
5512997573951
5519997985532
5512920017658
5513996959881
5521977426074
5531987870459
5518996378439
5516991220080
5514991028349
5533987290771
5514981215459
5516992144017
5531991611151
5533984530062
5511934736525
5519991184450
5519996545643
5515997899259
5521990472811
5514991822398
5518988003380
5522998647899
5521969128258
5513988517158
5524988268824
5518997827089
5519995940604
5513996226661
5511964768658
5513997378805
5511988554428
5521980769986
5531971087694
5521983550133
5518981408242
5521970191287
5517981533642
5521990367223
5521970364093
5531982324846
5521982538928
5518998217070
5511977294108
5512988357503
5511988479762
5513997823413
5521984237471
5521982374401
5533998677479
5531991876390
5511987176347
5512981477616
5531999658913
5522996173239
5513974056733
5511983797053
5533998121217
5511989693941
5511952288864
5514996949359
5521978994352
5511913374904
5521970022500
5512991138681
5511962527790
5513997419202
5512982511656
5511910693670
5511992849878
5521996075267
5518997344617
5524974036844
5519997138558
5511930142012
5519996118590
5516994577055
5511973349366
5514991535883
5531995281724
5521983727673
5517991866294
5513997250093
5519989485376
5522988052857
5513991708866
5511965745266
5514988043968
5533998580976
5514996389177
5531981121552
5521965686294
5516992293506
5531986731397
5521975269716
5519996617587
5521970698339
5511942640234
5518997134542
5519982287432
5522997255844
5515996070873
5521992140999
5522981412256
5521974916177
5513978006650
5511945874064
5519981142803
5521983628167
5511991554360
5521973500940
5514997301486
5524998787276
5521993223029
5511966373376
5518997843723
5519992467512
5533999429214
5531971171151
5517981613511
5512991321974
5516992748813
5522998878589
5531997194938
5511976852302
5511995442859
5512996667404
5519989902950
5531993006474
5519982138240
5524998352113
5513981413531
5519996622462
5518981488668
5511995099202
5519991335811
5511975883439
5522997060601
5518997213098
5531993212233
5514996464057
5517981455805
5521990901001
5533991135147
5511969350206
5511914744027
5511912372047
5511959489309
5511985516898
5511972679911
5533998029593
5511987633882
5514998141370
5531999417495
5518997486544
5518997344804
5533998012261
5518991477209
5514997661324
5514996315934
5518981185575
5511977476318
5511995024419
5514991862780
5517920002414
5511993325807
5517992024999
5531975954014
5524993224062
5521979411806
5515998131033
5531984523089
5518998144468
5517991210892
5516997550765
5511997678353
5512981774110
5531971281743
5516981095412
5516993246445
5521965489974
5512997019112
5514996049044
5514997552022
5531998695478
5514998937500
5519981846357
5524999549701
5519992152438
5511963239186
5519995516534
5511988417847
5522981780877
5511976251929
5519997173929
5521979969767
5519981682022
5511982716406
5518996101642
5511963906661
5519995817559
5518996965601
5514997603261
5511994834150
5511964506011
5521994138704
5512992084887
5518997349931
5522996063806
5518991250440
5516988216631
5518997124099
5517988256363
5513997748022
5511939493772
5514997967793
5511916613043
5511953909789
5524993048433
5531988461782
5511971940557
5521981743573
5531993192744
5518997487072
5518996838383
5512997959216
5515998625678
5516996153913
5511964912995
5531971939329
5517997854270
5511991245370
5511932480267
5521965144817
5514997497421
5513996679396
5511984384286
5519978187678
5519997190148
5513974245693
5514997835619
5511934750391
5518997727081
5514997189698
5533987317612
5515996528196
5515997194000
5521965954176
5511986422457
5521993327860
5521974922659
5519998929256
5511917141999
5519982168503
5521971456955
5511976389879
5517981887276
5531991151891
5519987422828
5511960419645
5519995755960
5513997118753
5521972953254
5521983425852
5531985961983
5511930124541
5521998776738
5521972557702
5513974177045
5516974039093
5521991549129
5531986140334
5531990667271
5514991133751
5511967663301
5518998148120
5511988689210
5511943596895
5513991163131
5511964976434
5524998510828
5519982754456
5511950597858
5511962893004
5521986379346
5518996737154
5511948849553
5532998281822
5511959507797
5517996753156
5511918507305
5511982889952
5519999745845
5521996153469
5511945991474
5511975503837
5511937530320
5515998155434
5521965878748
5516994637905
5521997615499
5522997938811
5511977386299
5511976745767
5519996547998
5514991710126
5511943718812
5521992055845
5532991970477
5511985893168
5511953418474
5521973909941
5511966210868
5524993235125
5516991232763
5531982474139
5514996511376
5532999078945
5521974938602
5517997761172
5521982171779
5531991452061
5531992672328
5514981153194
5511968876942
5511910823467
5511954012576
5518997698345
5514997124057
5511958209718
5519989702108
5512982973969
5514996094740
5518991352483
5531989096212
5522996123748
5511974350742
5519987271548
5512996357599
5518997081496
5511977602559
5513997673584
5516992999198
5519982341399
5521977265109
5513981558063
5519993733241
5531987780320
5518997842489
5511954552483
5517988432197
5519978172213
5521990180589
5532998641525
5531982905757
5518991448803
5521981251209
5515997859260
5515996077301
5516997972175
5511963850888
5531997085573
5518997845052
5518991980377
5514996475327
5516991699907
5511986200770
5518996718058
5513996991440
5522999480652
5511952880541
5513991945346
5515996375987
5514998696699
5511978497025
5514997766740
5514997286123
5514997545057
5511989001687
5518991609135
5517981554896
5513992028909
5513974178990
5511975440951
5521979079278
5511910238430
5516992275042
5511945626499
5518998038518
5516994296023
5532999380462
5522998695984
5511982525421
5531986825587
5516981326610
5519996961335
5518988163044
5515998356813
5519994730386
5521978789840
5531982085563
5524998715700
5518998115330
5519989096129
5514997969941
5517981169050
5521981353391
5511958832757
5518997495270
5531992777564
5514997254918
5521970329081
5511960312192
5511993741348
5513988832311
5513997312873
5511970412324
5514998652210
5516981014527
5519995893218
5533988087892
5511931341599
5511984696778
5514997708753
5511982707647
5521980258978
5511937174070
5522999039272
5521980707797
5514997818200
5514996224092
5511943806666
5511939516865
5511970620610
5521983226423
5531971938176
5512982963179
5511957593748
5513996515747
5513996906185
5518981033802
5511984024331
5518996174487
5533991980116
5515981295875
5518997437787
5521982192757
5511964165198
5512996875719
5524999449273
5515998297998
5517991112830
5514997648386
5511951239530
5518981604198
5514998874667
5511997081559
5511953721529
5514997968235
5533999573293
5518998003396
5516997992796
5521995700989
5512988990509
5511959794970
5511966030882
5511981804691
5517997171904
5521969961877
5521991746142
5513997955125
5522992610193
5519991254031
5513996375275
5517981365663
5516996654014
5512991300179
5518996651172
5511991656227
5514996931955
5518997761068
5521991148352
5524999265376
5514996308924
5519996169912
5511947239690
5511977007910
5513992025215
5521985248091
5518996427675
5531971193329
5517992175687
5516997216177
5513982268687
5511965452641
5517991407417
5513997381616
5513991744197
5522998987858
5514999058855
5531995071007
5531998778654
5521981759601
5521992786692
5521991120447
5519981539110
5516992249342
5511954449529
5511914788330
5518991077684
5517981577061
5521969467766
5512991037696
5518996825792
5516994583616
5521965234703
5514991627360
5514991349299
5517992602417
5519991030876
5531995101098
5519998304451
5514991720169
5511982593536
5521991621218
5514996726732
5512991176782
5515996512984
5511993066517
5513997510486
5514997436918
5511991277954
5521971873124
5519971105841
5521980509996
5531993448814
5516999692553
5516974076945
5521979134729
5518996554080
5521994778629
5517991718597
5514996735260
5521992879960
5521973144027
5517988033632
5512991329621
5518996810528
5519971316459
5521971296897
5511958191830
5516991426522
5515981456299
5511913983170
5511976211460
5511945779149
5532999552036
5518988060186
5511981094138
5511964857274
5511919247774
5514997782875
5518997606640
5519991451285
5511919553743
5516991762078
5516994475238
5514999066533
5518996055283
5515998372207
5511951048212
5516996283364
5519996125285
5521968290087
5516981751143
5511942777481
5511961710052
5511974255480
5517997546673
5511975779766
5512982700743
5521971274138
5519998239113
5516988163132
5513997117071
5515998470948
5521973388611
5532998558678
5514996353632
5531992331164
5522997110089
5521991197649
5519989737452
5533984527532
5511952457391
5513981448192
5521991607819
5531992132538
5511930009168
5511975946776
5524981045501
5512992199230
5512982491585
5522998054661
5521982288854
5513996517494
5511986617129
5516981900941
5521982125416
5521992875398
5524999260660
5515998128225
5511991285408
5522999486889
5524981247547
5513981374801
5517992562739
5531983201375
5521979311545
5521992895277
5519991733913
5519978173693
5516988211149
5511980622338
5516993447005
5521967355487
5518998082370
5522998225457
5513996482712
5521986682052
5517997011022
5531995473106
5511987446604
5511951083017
5514991068405
5516981347369
5511949070852
5522998058279
5511970410687
5521967331183
5511987612406
5513981916284
5521965322496
5518997212359
5513981978458
5513996957449
5531998472466
5519994993537
5512988774421
5512992276018
5533999116168
5521966389758
5521985833530
5511983988044
5511914573168
5511961467695
5521995689604
5532998170225
5511911078910
5521977327314
5512988559677
5519982756964
5511982135089
5518997624272
5515997475759
5518996909480
5531999626109
5514991517914
5521972642213
5511965100010
5519993456782
5515996644026
5511964285266
5515981551474
5517997043634
5531992759494
5522999943180
5521969409172
5514988180388
5514998739494
5521991858439
5518991381244
5531972368720
5511954648576
5518991142795
5513991975920
5514998244542
5519991617028
5511983392664
5519996559920
5524981616910
5511952192272
5519991288567
5511999059373
5518996437467
5517992296570
5518996735818
5531983109571
5511987238674
5521992073766
5511946432205
5511996223555
5518981296806
5514998123559
5514991632038
5511952349483
5516994627199
5531990783689
5515996064617
5519998627782
5518996836196
5518997323431
5521970721716
5522991033288
5524993165942
5531983648807
5514998997067
5522996098264
5531991680816
5532988728093
5521983997180
5511978849485
5515997473085
5532984105621
5512988820056
5519993566995
5514998786751
5512991541071
5521968987547
5531998322292
5531997665544
5512991685734
5519994975496
5513991795742
5519992550877
5511947277593
5521995435744
5519986098182
5511995617311
5511992006484
5521975665696
5512996124456
5522992074610
5516996395803
5521995022191
5511951409534
5516991646103
5511945434575
5511964327972
5511995591963
5511958678333
5522998671064
5511950269587
5518996947189
5517997234513
5516997654026
5519997861161
5511932177088
5516988103344
5522998983486
5516993367224
5524992016979
5519998987654
5532998396072
5524992148906
5511983383589
5511993268688
5511954661064
5522998668746
5516997184902
5511970392537
5514991720140
5513981470497
5521976355824
5521974473951
5513996390512
5521993807884
5521995570091
5515997755929
5522998428224
5521987235470
5519987185456
5521967768587
5512981819690
5517992213943
5513974062797
5521980008362
5517992334098
5532998037921
5511983288853
5511974503564
5533988213119
5519981910924
5515991906503
5512988631500
5515991106197
5522998750812
5531997794663
5515997001549
5524999513899
5518997172835
5531994223539
5531989082718
5517991022958
5521993436058
5511945630584
5516993650770
5515988176245
5514997118984
5533999655333
5519993678256
5531986289053
5521970355746
5521986843958
5511989116918
5511964272693
5513981284751
5519984607006
5511991145254
5511910890931
5518997455305
5514996714492
5516997986162
5521993795087
5516991996566
5514981424360
5511964678551
5531996552341
5524998647678
5511983992581
5521981089004
5513981395191
5511914241754
5518997701476
5521974296960
5522998962483
5521978836133
5511999048498
5517992655432
5516993718674
5511954336280
5511949956772
5518981442607
5511994362941
5514991762630
5521964538694
5514997026385
5522988320743
5516994054890
5511964835544
5518996956662
5524974026867
5511986691120
5532998004656
5517996549330
5518996554583
5531982738167
5511954456471
5511947841711
5521981584469
5516996267720
5519997976907
5521991411509
5532984118444
5511987433508
5511948565410
5511959036777
5519993623605
5517996129580
5511915703677
5511991801326
5519983645722
5531998748854
5531995151187
5517992264226
5511952999825
5521995846006
5511944971995
5524999853691
5514997429304
5512992068758
5521997172149
5514988148348
5511910625568
5522988016438
5524992083177
5518996179451
5531998552353
5511966586534
5511959881987
5521996274701
5524993147717
5518997383416
5518996221770
5514996877424
5518997152339
5512981144095
5521985147069
5518997724620
5511975803324
5522997677359
5517992369639
5513996239048
5517999712663
5514998569270
5521989830000
5511998580989
5531982458835
5521980368588
5518996051297
5511960187479
5516993735351
5511964593231
5531999112757
5522998185108
5518996710585
5521994225864
5519989402093
5513996376411
5511943775625
5511958766625
5511997863600
5518996568990
5515996968109
5519999967133
5511989967587
5531920024662
5522998788370
5511983571407
5515997708157
5512981575659
5524998130286
5511999812222
5511933814173
5511985093562
5522996075467
5511953866247
5511981449575
5519994985610
5531993708751
5531994235424
5511932721470
5511981775508
5521983477048
5513981585921
5521990177652
5517981751023
5516993314676
5521998711435
5511940061791
5511961860904
5518996655991
5513996972761
5521991743450
5514996888694
5516993479971
5511985084725
5513988016787
5521999344209
5511975305080
5521996639328
5511988796435
5521982219749
5511975075443
5515998596083
5517992535151
5514997836394
5511954232975
5516994079228
5517988333295
5511968276315
5517992614238
5533991185191
5521994707775
5533988551571
5511985075021
5511987689088
5511982326384
5521964436721
5512997548665
5521964941546
5515998511342
5513996258823
5511982686108
5511976089428
5531971258170
5521975437261
5521981609292
5518997670354
5517997596199
5516992317733
5521969813121
5531993049061
5511959458175
5511997922938
5522988778519
5521979026965
5516997439503
5521965818414
5516981256910
5531990896389
5514996631052
5522981001141
5517996429337
5511949016679
5521994523961
5511948627531
5511945782168
5513996570876
5517997050714
5513997551724
5513988603844
5531999464324
5511960142165
5511976803784
5517992399571
5511971431277
5521982554368
5514991641716
5514998756003
5511941234447
5511967874333
5514991812799
5511956533238
5511983324981
5511934842969
5513981248896
5511949386025
5521990772821
5511970680805
5518991453195
5521991745269
5511930937297
5521970816425
5511997104823
5531993701737
5514988061084
5521988404697
5521996392405
5512991037983
5513981546320
5515998010087
5511944721715
5511952440274
5516993474943
5511968720369
5521965332842
5518998100391
5521991730529
5521974763304
5522997291164
5518996195347
5516997772370
5531990675369
5531985910322
5511962870070
5511940864811
5514997322364
5511984661020
5519998375237
5511949791807
5531998185111
5514981238022
5511946160523
5521982499263
5515991457149
5519994490976
5511952239710
5521983067454
5518991273574
5514991169651
5519995175400
5519991387468
5521983595347
5521969965928
5521984530024
5522999537527
5511975072523
5519991081612
5512981214364
5521981545692
5512991053783
5519986095594
5531983127621
5511956664967
5513996697870
5516996405559
5518996153947
5522998049948
5517992703606
5531984450665
5518997390915
5514996606268
5522988747042
5511998282828
5519987716555
5522998201004
5511955703404
5517997155614
5517996246306
5521994008989
5521972048622
5513981211700
5517991782632
5514991820460
5511948526490
5531999294982
5511913324549
5521983662534
5531996930254
5518996283853
5513988423904
5514998558503
5531991523453
5517996560376
5519997035539
5511952307156
5519997585340
5511952019595
5512996189393
5531975601332
5511983228924
5519994671324
5511997485881
5521994629791
5512992090935
5521983097765
5519995729199
5513981205796
5517991145635
5511953955320
5519988181816
5511960110406
5511986485919
5511939625302
5511993696754
5519999947705
5531984279169
5515988230870
5518996369403
5514998856185
5519989302212
5511965449606
5515996083049
5516993475926
5512987107876
5518996227546
5522996057982
5521964686851
5521980888270
5517996146900
5511998073835
5515991772556
5511982362836
5511991013965
5518997975988
5513996198260
5533991031498
5511943005575
5519994989666
5511983318738
5514996063848
5521990359461
5522999001094
5511966692442
5522981301121
5518997326345
5512981825512
5521972626377
5511967179967
5513974232649
5511932902349
5511984783296
5524974016031
5519996439443
5514991277469
5531995384978
5514998116097
5511945492030
5521979020937
5518991788883
5514998756466
5519993265171
5511997669902
5524999467163
5513997144207
5521966524529
5519987057555
5518988185818
5519992978936
5518996548809
5533988773935
5515996995057
5511941491117
5518996759783
5521974069555
5531973135031
5511916139334
5522998871025
5531993168432
5516993338961
5513991340939
5511985876913
5512991761237
5511916928901
5513997894934
5513996618723
5522997912729
5513996881086
5519991850182
5513988193204
5511996186942
5531985456924
5513996667073
5512982041382
5511987005396
5511997374936
5522988596535
5511981140584
5516993416087
5513997900583
5517996549569
5516996504859
5511996909444
5531993428711
5518998130889
5518981830064
5516994279172
5521973451828
5519996401675
5521976823320
5521988799389
5521981140649
5516997543640
5511988869472
5524998116603
5533999504669
5514997073360
5533998299363
5511972844229
5511970294704
5514991467964
5531994971363
5511996712785
5512997508279
5511975094506
5517992077752
5531972509768
5511951860051
5517997362138
5511985182023
5514996147564
5513974062947
5511949283462
5521969958770
5516992854258
5519989545544
5519991590107
5511962106073
5521998251380
5511984812080
5516992989361
5531971160063
5511975973091
5531992833349
5514988275704
5516994532547
5531972497414
5511962965118
5519996364049
5521996356856
5511958248191
5511999655083
5531971613492
5514997845898
5513981482040
5532998238041
5511957244309
5512991207833
5521964257349
5511959181730
5522981500545
5517992531358
5511970557984
5521966158146
5513981270846
5521990714956
5511937562161
5511981437400
5521998689299
5511945239765
5519999426621
5511996088604
5517997814610
5531982304511
5521966038200
5521997191379
5518996657872
5511973499442
5511968680788
5514996191364
5513996192534
5511959423814
5521983556527
5511930881988
5515996524765
5531993187391
5521976765721
5511960138575
5531984900011
5518981290512
5522999152848
5521992145522
5532991269573
5512997756985
5521984238353
5521997664111
5511957919446
5513991112810
5511980791362
5513981820120
5511948249192
5521971214230
5521981303118
5511959827742
5515996081579
5512992059919
5516999018756
5531992081045
5521998137059
5511948097924
5511967711675
5531997797020
5516997357612
5531995368443
5511948725313
5512996467890
5512997986322
5514996438680
5516981925736
5516993869159
5513997712531
5521981498741
5531992071319
5521999879771
5522997346563
5514981334534
5516992100037
5518997104135
5513996141042
5518991947703
5516991413126
5511949050484
5521971994186
5516997257356
5518991124994
5511972962609
5521968763376
5511973724730
5524999127099
5519981497980
5518996204105
5521993653021
5518996987640
5514997109354
5511957462947
5531988029461
5511964964850
5512981104560
5516992982700
5511914062068
5514997948242
5515991231425
5531995284603
5521969318364
5519993115996
5521949494948
5521992742701
5511934107379
5511992158666
5521999514287
5511948617993
5521968626958
5513996315418
5516992347040
5511917536927
5516989964541
5513988775212
5511983838065
5511948671708
5521998949501
5513997946829
5521967642004
5511969434330
5516993103483
5518998239383
5512997491481
5521968228457
5514996793877
5514988017187
5511970552389
5511961415143
5511957751114
5511968309627
5516993800588
5511977721734
5511913695401
5512988954917
5515997845016
5518998174942
5511933111157
5524998353992
5524999134143
5511965031291
5521981109526
5515997953405
5513997469102
5514996816600
5511954700949
5521996263114
5511939392317
5532984588194
5511964877388
5511995836269
5524998283694
5522997761488
5519991654159
5514996659009
5532998154860
5533988106419
5531994831639
5521991552074
5514988011156
5511948689400
5524992721280
5521989003189
5519999195734
5531987073283
5518996439014
5515997543696
5531986607004
5522999442817
5517981679320
5511949053397
5517997515033
5519989028261
5511963243325
5512996203210
5521970752828
5518998212481
5531987345934
5513978231483
5511958960148
5511980754631
5521982638522
5511975701030
5511915515919
5519998419074
5511983616766
5511966831092
5514996876083
5511913080115
5512996675155
5521981382784
5511989727460
5513997514048
5521975452260
5511949915761
5531991704659
5511987929681
5516991447220
5516993302689
5511955929388
5511919219899
5511982931955
5522999409227
5518998250256
5522999296908
5511916412259
5511990134623
5515998235460
5519988559926
5521964510622
5516981066972
5511983942853
5531983333654
5531995706524
5521994692703
5511973621621
5515996242509
5524999491965
5513998089265
5521976723316
5517991421726
5531991107361
5511976678597
5531973407229
5531997872053
5511959459546
5511995696065
5512991451550
5521970788395
5519995196954
5513981270111
5521982692483
5516992556187
5521990449983
5533999466287
5517981250365
5516993619606
5511945134635
5511919781366
5519988533327
5511948656593
5524999414857
5512992257379
5513991267180
5511961359432
5521982165252
5515998259881
5521975352534
5522998198462
5511950671410
5518981291111
5524998433526
5511943655776
5519981134652
5511959216288
5511953586398
5511985627601
5516988067020
5511941853891
5532999116551
5512981667457
5521994829744
5511967054568
5531982828737
5518996029367
5521970329561
5511962659158
5518991263071
5514997583868
5533997329787
5513997253348
5517991164595
5511947992697
5521992846693
5521975605613
5518996540761
5513981393640
5512992605705
5511989507648
5521959363613
5518996516625
5511955717346
5516993375898
5521977202469
5521995669632
5521983031591
5516992894502
5515996791493
5522998313950
5513997425080
5512991551801
5531981158126
5521979419010
5517992052387
5511989650832
5517997083762
5511933929621
5515998621106
5513981927492
5511998798525
5521981893454
5521983439717
5511963502970
5514996281461
5515997355256
5511949046409
5511963604756
5531973182675
5513997097223
5511977896049
5519981195987
5518996119148
5516997117106
5522997313859
5511961967364
5521974177711
5511956570736
5511971540834
5531984103121
5515996516150
5533984232055
5511986029162
5511994471318
5521999984998
5514991098704
5511945324738
5531999484678
5516982567373
5511992714512
5511940279751
5531999354684
5521979586595
5516992000501
5511952452930
5519982017805
5521965377186
5511978047115
5515998392601
5521993889356
5513996137320
5511965200927
5511983449056
5531987447484
5521991613411
5518997668076
5519981288674
5519995129774
5521982177017
5511960666790
5531973408234
5517996140846
5513996343170
5531998401110
5511985818619
5511959024286
5532999667332
5522998105577
5524981289657
5517997454428
5516992909178
5516988730012
5516996321719
5521989572901
5522992656134
5511944804394
5521965319593
5511911707000
5511984279057
5521998165269
5518998112960
5511948844316
5516994280365
5511949771641
5531996391418
5521973777446
5516992695859
5531991478315
5513982035677
5518991523956
5512981618746
5519978291495
5521980627918
5511973004476
5521974543340
5521972724367
5521977147970
5518998180625
5511948407934
5515991963310
5522999883710
5521991001745
5521980798475
5516994156252
5516988123767
5514988119920
5511939628491
5519999531035
5518996775205
5519999834431
5519998986013
5511965027758
5522998921349
5521995687485
5511992737298
5516974077160
5512991074370
5511977249774
5515997602074
5519989916116
5516994359103
5521967545879
5521969937029
5533998668279
5511984092489
5511949630967
5511997408341
5514998673873
5511941033397
5511949462390
5511989280032
5514988252386
5511982582009
5516981819015
5514981862827
5511968568216
5511916108030
5531991218535
5522997323310
5511996550290
5511962390503
5518997478650
5519992478806
5511960673836
5522997527407
5531994472423
5519997428382
5514998534693
5531971584182
5511977066036
5521979466496
5512982278037
5512996732006
5514996976487
5533999361795
5521972358032
5511930485584
5511969293059
5518997796471
5519993314648
5514998434783
5518997310581
5519982375412
5515988336620
5518998090063
5519992720968
5511950916810
5511960150348
5514997113235
5519995279457
5511977193032
5514997711986
5511994267663
5521977410092
5518997012698
5513997314607
5511910208315
5514998774672
5531995290869
5519981550216
5516994088827
5511989786313
5531989130413
5531989851349
5516994237338
5514997670588
5521969139882
5531997105027
5511983323313
5521968443304
5521975525863
5531995013185
5531986904660
5521978781514
5531995999277
5515988290738
5511956735691
5511953428166
5512991476947
5519991442528
5511912894349
5531975173939
5511964430759
5521998247490
5511958126370
5531992878160
5531986789553
5516993510517
5517991698518
5511986772959
5511976683327
5511973418192
5511947946003
5519974120425
5511988760391
5531995634008
5512982707183
5521998686261
5511978449427
5511912468270
5516992471459
5519995897880
5511951647145
5511952338813
5521990135729
5519998234595
5511986268951
5511983470736
5518988026972
5511992223064
5513996033020
5512992580260
5531980420280
5512981430776
5521982751629
5511932651275
5519971587079
5521965098292
5513991851146
5531999061982
5513997432351
5522988661952
5531999798138
5521968642105
5514998666668
5524981222775
5522998241967
5514991139527
5511943490269
5521981719597
5511965713878
5511966643120
5521974167808
5512988347833
5511985401131
5511930172889
5519995089725
5531971272865
5511979933060
5514996918755
5514991126358
5533998470402
5516996057196
5531993077230
5522974044131
5511932984485
5515996070731
5514998109558
5521968607464
5511975206788
5511958749727
5513988378748
5511914859971
5511965487008
5518991287180
5514981581726
5515996979655
5511932610787
5511984680591
5518996037203
5531998639723
5524999882912
5511982494688
5516997574060
5522992073373
5511994190671
5511963539224
5517996047824
5521983734745
5522981725319
5511987980504
5511994027340
5531989543271
5512996593462
5518997820888
5519987150155
5519981903207
5511960888842
5513981420187
5511952773227
5519981550180
5518996368850
5511943836036
5521976228481
5521968213846
5511944770902
5518997970840
5517996742031
5531987510651
5518997700055
5511982956497
5516997338311
5521965917233
5522999583374
5511983866129
5514997254082
5533991916667
5514998017602
5511911370095
5516988473863
5522999486367
5511933233107
5521965998029
5519984256638
5533984245505
5511963448097
5512992185830
5521992032764
5511972404148
5511946831497
5511985748970
5511973140934
5521964421007
5516981776288
5514998064846
5514981279923
5517982311242
5511968288568
5513981746159
5518997038294
5511962892389
5513997371638
5516981413941
5516997881568
5517981912253
5511993955561
5511950051327
5522998858139
5517988210286
5521992615213
5518998183811
5514997796905
5513992078402
5521971843719
5513974034100
5511973745156
5514996842374
5517997265111
5512982049632
5518996249425
5514997009963
5514996977945
5519994519648
5511992884175
5511958032148
5519981499261
5522981711836
5521975221649
5511999793890
5521996643142
5511960785038
5531971683651
5521993468729
5516994143155
5511972553036
5518996883322
5533999979145
5512991692063
5521974854870
5518991196688
5533991472447
5533991051451
5511973891585
5524993330416
5516994513144
5511916142342
5519971061994
5511998458145
5524999018632
5519982552808
5531992211728
5512996068576
5514997286343
5516996154417
5514991383827
5514998041496
5518996733480
5519994090322
5517996705629
5522988727735
5513997318574
5511953697532
5511984019967
5531995528672
5531987094036
5521970574391
5514998737134
5516974024786
5521993450606
5531989219361
5522999813466
5516994570067
5521966319350
5518996274308
5521991063340
5511910347587
5515997222410
5522998880258
5531986310090
5511949994128
5521994468233
5531998300504
5512982295935
5511944567955
5521996980892
5519989974735
5512991228503
5531971352949
5513988392180
5511954711512
5531993485526
5518991089343
5514991102422
5521976391553
5511978852375
5511970355575
5531999480662
5513998080720
5531987142627
5513981198384
5531995778455
5511977954913
5511959292558
5519997666054
5517996697875
5518996145379
5515996688433
5521972311749
5511986990672
5521964813248
5518996564666
5516993662783
5516997069316
5511956003858
5531990603799
5516991213641
5532998574555
5512988406587
5515997036002
5516992763347
5518997817484
5511963594447
5519989827310
5511945855415
5519994836793
5511987925698
5512988962048
5514981530953
5513981948081
5511932592991
5511971935146
5518997035209
5511976002962
5531997626337
5519993616937
5531999951722
5533999806294
5517997486513
5518991877681
5516993275733
5511958406961
5511986315171
5511915583062
5518996432176
5511963546385
5521992157514
5511959012362
5511994078352
5521997103778
5521991030484
5513982141940
5511932253620
5517996013097
5531996015730
5521987287386
5514998665007
5521982967546
5513996915804
5511957293670
5531972200535
5521999953620
5511975547772
5522997145033
5519999321003
5517992011805
5515998601888
5516993662881
5518998029895
5514982167402
5514998441273
5518996669596
5521966012903
5521991225747
5511971213566
5519996673768
5511941463173
5515998252600
5511994843973
5511966219642
5511917155531
5531989541907
5519982795193
5515998003567
5517997837882
5519992641768
5514998859145
5522998616856
5521970184123
5516991414352
5516982557418
5533998763777
5521973053063
5516974077210
5521976740690
5518996113279
5511953368841
5521966187093
5517996066238
5533997076005
5522996082464
5522981732782
5519998968084
5512982267171
5531975043674
5531987291237
5522998523872
5517997049881
5514998411087
5531971044878
5521975087403
5531996114856
5521979564944
5518996581260
5519989833778
5511914841871
5521970779403
5521980238238
5511953598731
5511986179139
5511953853840
5512997116167
5511977228372
5517996216797
5516981584595
5511930752585
5512997679690
5514930854799
5515997599373
5514998420042
5521966862361
5524998536008
5518996986863
5511988870557
5531984801366
5531971592817
5519987280993
5531988471890
5511949709359
5511960614350
5511913430694
5532988289247
5531991141439
5511961865871
5512997569146
5522999938302
5511943158147
5513974178062
5517991022752
5516982214209
5518997972271
5512996397185
5512992593617
5521989785054
5524999489908
5518997579189
5531982173085
5521978841741
5521970650256
5514997651494
5521971316347
5512992087520
5521976996621
5519989182020
5518996254759
5521969534084
5516994195848
5521965288651
5515998288253
5531999985446
5521959430484
5511985541205
5511972319571
5511954740866
5518981382957
5518996636367
5511976980835
5519993364568
5514997740062
5514999058533
5511997417938
5511956761170
5514997788518
5522999414576
5511984366306
5512996222159
5519989802764
5517981267319
5514991412771
5531994099397
5521975930533
5512978120600
5531998622595
5512982094743
5522988198672
5518996827686
5516988395053
5522992795034
5513981727211
5521979782318
5511940167377
5514996481701
5531982601681
5531971912299
5511955855497
5515997244397
5515996674677
5518996283140
5514991091176
5514998579905
5514998239766
5511993719282
5518991125868
5531975308041
5533998006235
5511991839179
5512992600619
5511959022156
5511993939393
5511949965866
5512992520772
5511987345567
5511981289377
5514991267646
5514999087674
5514998494881
5514998201639
5531984762970
5531989136239
5531995413172
5521977507929
5511944437180
5512987122691
5512981862378
5511961550009
5518997217320
5511977683743
5511983511642
5524998727841
5511952467767
5521976490322
5521971554421
5519991594579
5511978974617
5531998287151
5511952495126
5516993496632
5524993094066
5531971533173
5511966771012
5519984527733
5531986489693
5511940789582
5531998436119
5531988351128
5519994991298
5522981513089
5514996119139
5512974039835
5524999078702
5511958449512
5511977659183
5515997504627
5531990780034
5514981144646
5511998633793
5511978126742
5514991554666
5531972565720
5522998168998
5514996869937
5511932107156
5518981381472
5514997277373
5518996076809
5511971355817
5511981745522
5522997638977
5513974156090
5515998494020
5521990347017
5511940145215
5521976401306
5514996768454
5511957902525
5511954120473
5517997797800
5519989818705
5522998367632
5518997654788
5515998062214
5532999059745
5511980594196
5511953323882
5533988175262
5517992213804
5513997388010
5516991007068
5511997205362
5521965968301
5521966067138
5532998203714
5521988574057
5519987734205
5511973647673
5511983286662
5512991668857
5531982167461
5511917006562
5511977353279
5511947907532
5514997199548
5511983310840
5521966782796
5513996488884
5521967476126
5522997196303
5531995602292
5519994530695
5511963487831
5521982244605
5518997946209
5513974184285
5517996739914
5519993550072
5511956702426
5521982867953
5518988095493
5522997249167
5514982054730
5513996276564
5511950577394
5532998005185
5532999195518
5521970375561
5532991640682
5521981700053
5514997917453
5521966847105
5531972176325
5521970218045
5522998051009
5518996134301
5521990731489
5513997034405
5511915633487
5511984991082
5522998669020
5531999393399
5517988335640
5511942839874
5511978394615
5522997931605
5516981241671
5515998590915
5511974508739
5518991555492
5511977371363
5533999675725
5511969641992
5517996567894
5511962963377
5531989150729
5522998796852
5521980149024
5514991142862
5517996657297
5519995720239
5531999676915
5531972272486
5511985350941
5531997274433
5521995126106
5533988508526
5521968417206
5511965835496
5511993092383
5512982963444
5513996724601
5511965988702
5518996862384
5518996069267
5522997555935
5519991763533
5516991918383
5519992575413
5511963151584
5516997006607
5516993036586
5521994183570
5531992071916
5513996006676
5514988291946
5521982826720
5512981711706
5511984213395
5513997157127
5532991465680
5531973635479
5511987708848
5522998601317
5522998707991
5511992846085
5521989176381
5521982955373
5513997017098
5514998268896
5521982526419
5511946042647
5533991722589
5512996536524
5531998548707
5531991579994
5511914842999
5522999187256
5515996171218
5512996703701
5514998596193
5511939414719
5511974740516
5511982688296
5518997742613
5521981470548
5514996373193
5512988422436
5514997662767
5511973805644
5531998391092
5511911729267
5521993427174
5511952031836
5511998610613
5518981143105
5532991321477
5521980330258
5519974196596
5531991848850
5518996074287
5519994654160
5531994809604
5513978147603
5531992673817
5521993318794
5511952495783
5517991521601
5522998863635
5511935050563
5521967558135
5514988093097
5511914719954
5531982551249
5519994804962
5519994632790
5511959438823
5521999056799
5518996630378
5522992833909
5532991727513
5511996733521
5511966082596
5515996175304
5521990866164
5531994435326
5521981752494
5531983925899
5511984098295
5511989501692
5518997997005
5521974745670
5521965531054
5515991485977
5512978112687
5511963717316
5512991219822
5511986414455
5512988559058
5522997726107
5512981076263
5521991309774
5511982310433
5521994433132
5514996299473
5511983936665
5521972574701
5521998343787
5515997663040
5511952971546
5533999247555
5521993641136
5519987215406
5511987902451
5513981366064
5514997115570
5522999428901
5522981482663
5512997955284
5521973082825
5519982271154
5521977035876
5519989893853
5511985973811
5519983456304
5531997430660
5521979336337
5511917251689
5511967410429
5521969697574
5517991706333
5511983678641
5531986793080
5532998094239
5512991722799
5512992476408
5518988003428
5531983179796
5522999991611
5512997909072
5517996755503
5519996363549
5511959860895
5521970181244
5513988593493
5511940052482
5522999209797
5524998540467
5532988685233
5511932047530
5511975800404
5521978986629
5519992266011
5511986344107
5531983763949
5521967242744
5511972584612
5522988171989
5517991797699
5511982532998
5531999107213
5513996678772
5517997618035
5524999185587
5518996309565
5514996088954
5511949380507
5518996835542
5531992294821
5511995417783
5521965189829
5522999697629
5517996472017
5511983247816
5531999243243
5511986157598
5531993107076
5531983430468
5524998754172
5521994602704
5519983242621
5515998366069
5522988448374
5532999154760
5518991629973
5516996148207
5522996149198
5521995272165
5513988722248
5519992773494
5522999406123
5511985091214
5511975100502
5518998102143
5519971487945
5511958408057
5514996905115
5531975802143
5511940828422
5511986705326
5519989898751
5521973475042
5518991626077
5522992053818
5511948184488
5515997577186
5522998520744
5516988372647
5533991384555
5514999013139
5511911010184
5511970824645
5511942497967
5514997207825
5511959043666
5519982159601
5518996883793
5516994211332
5516996440544
5531975287034
5519997974369
5511965900900
5511946166635
5515997503738
5524998655593
5519991031724
5521965198560
5511951533752
5518996603076
5531999038505
5511966236920
5516996075636
5522998676862
5516991509138
5533991051747
5519983351958
5521983856211
5511913764040
5521979607827
5521983072907
5511916021484
5513996607443
5511960245834
5521990446095
5515997123960
5521966081931
5522996098094
5511987102882
5521991497928
5511973453886
5531991230719
5516993153321
5511950699631
5515991775563
5521995957114
5511958146953
5519999392911
5519988273116
5511957824026
5511984029575
5521985695156
5522997718609
5521971546767
5521980418547
5517988360469
5524988045532
5531986889385
5524992540901
5511945732459
5511943879150
5521987852866
5531987817537
5515996800371
5511944581398
5511949107590
5511977751215
5511948613588
5519992139669
5521978932376
5512988307123
5511967124707
5521979916075
5514997426385
5513991649483
5513988568197
5511993126777
5513991337456
5515996475324
5519997024197
5511968472651
5521990975321
5521990823332
5521982422287
5519992279123
5511950867888
5519999814536
5516997764514
5511987223996
5511986353699
5511960224407
5511946872241
5511985184473
5511947181943
5511943594417
5521990809853
5511961972228
5521983096472
5531998222361
5513996162697
5511919215646
5511977985762
5521980334608
5521971808022
5514996333790
5514997069758
5519987432974
5532991377512
5531984794283
5517981579853
5511947219551
5511986648642
5512982937267
5514996833797
5531991637651
5511977670521
5521985231819
5511945343442
5511945108136
5511968964739
5521969089640
5512996353434
5512992248917
5521967509548
5511980307628
5511940341354
5514998133812
5511945766093
5511974263858
5514996253482
5511988398200
5521967158984
5518997686605
5519987713033
5514997166971
5514988179694
5513992062233
5511942399332
5511987343724
5511952162305
5515998019634
5531983584645
5519997473720
5517996297317
5511957845718
5532999491369
5531996406100
5533991113481
5511982118814
5513996465303
5511943500776
5511912882286
5522997817094
5521966630558
5512997065380
5521981004564
5518996436131
5518996733099
5511985341816
5531992527331
5521972929543
5511978410778
5511971917561
5516991090775
5511953662791
5516997104401
5515997964448
5511932100578
5511947073355
5521980128929
5515997412083
5522997240815
5511948170902
5518996473156
5516996183764
5533984372623
5511975168886
5533998155164
5533999785879
5511933930177
5531996272513
5512992277300
5522997704402
5515988335329
5511942056028
5512982021116
5511978513688
5514998864485
5511952482091
5514981229139
5519994249451
5518997890527
5511988117579
5521990724946
5511963681129
5531981188966
5512991755268
5519995454265
5521971150878
5513996250869
5514996519849
5511983496175
5511957456328
5532998438894
5511968235911
5519999432806
5515997974957
5513991978639
5522998162391
5531980150575
5511945812217
5511987441559
5511986391700
5531993766540
5511976405559
5522999411337
5515996340973
5517999785071
5511984855094
5511949444920
5511981522206
5511940107888
5511998347832
5511978414749
5514997280984
5517991847710
5511989680401
5519988540625
5521966041264
5513996425080
5518996539602
5511975241471
5511943777449
5511960780766
5533984175316
5511987402651
5511917084230
5531993216196
5516981051215
5511972657444
5511968722936
5521976078770
5511952499318
5515998512822
5521970223115
5532988859291
5511985262784
5517997944061
5532999884281
5513997992526
5522999839256
5511988584852
5531989248994
5521969067501
5511980673934
5522997531742
5521966269005
5521995120948
5517992129217
5519981914030
5514988321140
5521972828426
5521993081032
5515996723229
5519995495966
5522999245843
5531984477401
5518996591494
5515991734717
5531982737468
5513991697369
5522998864325
5531999206872
5511971579777
5511995177310
5522999145299
5511970709910
5511994762728
5511959610870
5521969918969
5524998800779
5533984438449
5533998601984
5513991152034
5518996822199
5514997454790
5531997432105
5511985755801
5518996431726
5511987939577
5511982711587
5516997822856
5521965362524
5512997950947
5513996853777
5512982026823
5533999456897
5519994541778
5521983853415
5532999534064
5511942231824
5511980542659
5511940513461
5521968232776
5514996694836
5515996705252
5516997673791
5513997441223
5518996206830
5519993521008
5521994433144
5512991418686
5519971695797
5513997188564
5511982715964
5518997593401
5513997058416
5531986380535
5513991870676
5531984390568
5522981297785
5511948570580
5514991649914
5515998236469
5512997628788
5511988080220
5512996186494
5521972388754
5519997390053
5521965315084
5531980160729
5518991254627
5519997046554
5519991074552
5511968629752
5512992609294
5514998737023
5521964475111
5518991678939
5516993294852
5522992392553
5521986798576
5522998099515
5524981009795
5517991989387
5513996513444
5511953711161
5514996403990
5511972424419
5521980061496
5511973627351
5531987635410
5521983845670
5512974089542
5518996701933
5521992513378
5511954504339
5513997244472
5511931478610
5522998766422
5511982679281
5521972593729
5511911734157
5531971806688
5511986006463
5521969145292
5519987073713
5513991315273
5514997916800
5511940642472
5521970577120
5511910848295
5511961756289
5516988727046
5511948058296
5518996445810
5531993414891
5522999402806
5515996161796
5516993769537
5511969181580
5531971854139
5531973094643
5511972711494
5521964523984
5531982958019
5511985757133
5519971371060
5513981390926
5521974095897
5511983154147
5516999697152
5516994557120
5511974384702
5531995216163
5518997972611
5511910536677
5519982006837
5511957233065
5518991978223
5517996662950
5522999586355
5522997624142
5519995501834
5513991485402
5521969505958
5521983564931
5511960948664
5522998508264
5521986946305
5516996036123
5518997853058
5516991766019
5514998799882
5519993685502
5521997595092
5511982512979
5521977018055
5531971166696
5513997564469
5513974202238
5512981809067
5516974071664
5519981538046
5512987087747
5521981935043
5514988328744
5531985851493
5512991133795
5524999124429
5521992680356
5522999241423
5511954756969
5512988648125
5521970387230
5511995206002
5511973166542
5519987344569
5522998895158
5521974226100
5513982115086
5516993565356
5515996844086
5521995162983
5531993215020
5511914526676
5521996142162
5519983562664
5514988407424
5519997040494
5511991592936
5518996090060
5511986388004
5531985753005
5514997171478
5522981599895
5518997216875
5514998145726
5512978144115
5514998463688
5518996522255
5512996539746
5531992812248
5522998139617
5518996668219
5524993137079
5531991020620
5511942014943
5517996739489
5511978722398
5518997682363
5522996223063
5531982636591
5533988454545
5511967037373
5511984584255
5521976349640
5511951364924
5511951258664
5511984544481
5511958568319
5512996261750
5511965801966
5511944908306
5516991168325
5511925253535
5511974736820
5531973416754
5511998676426
5513996315329
5511941534340
5521997001921
5531981116518
5511948406988
5513981743280
5521982992613
5515996085586
5512996243762
5511952312094
5511975785975
5531991844075
5511961462795
5518997680296
5533998215622
5522998989221
5514991996593
5521987754321
5519981559250
5511953859898
5533997077148
5514981254607
5522998138914
5533997075156
5511975225529
5519992030373
5532998684021
5531996382948
5511988815962
5522998579742
5532991381039
5511961360683
5511983585470
5516992838175
5521976799826
5513988460293
5516988637990
5521966635258
5518920014840
5521982595560
5513997564703
5511987925947
5511994383774
5531997126715
5521984990131
5524998232032
5514988332959
5521971395121
5514996733728
5511968629248
5522992190442
5511987481256
5519971526296
5514997665718
5521993175388
5511953398696
5521965313756
5519997078603
5512997713132
5511970479468
5521994058229
5515996654360
5531988320900
5518996932360
5511989393391
5519981819006
5531986673122
5521995176646
5514991715395
5522998835965
5519986091620
5519988869282
5513981786514
5531920024336
5513974176356
5521983765652
5533999193804
5521968772728
5521986095044
5519997079277
5511958792600
5511952938986
5511987231454
5516993627761
5519991346349
5531971929556
5521980267077
5511949119974
5511998221971
5515998522607
5521995286811
5513996333573
5531997468763
5519998277873
5511958158165
5511943305303
5514996317852
5511975929886
5511948727610
5518988233758
5511977877127
5511971405334
5524998702786
5521988316506
5521975819068
5519989211985
5512992129391
5522998560755
5531999640872
5519992259922
5513991536667
5519995899296
5514991713304
5511913450805
5519995956718
5521990522137
5511991613455
5521979911317
5516992203941
5511978480181
5513988815734
5511969756619
5511971654821
5511995108628
5533999539187
5516997681163
5531999702044
5531997918217
5518997894952
5532999092835
5533999124653
5519992617508
5516997423496
5519992164385
5513991907794
5511959459542
5531982236091
5521986056812
5513992071231
5533998504222
5518998196709
5518991971965
5521977160998
5511962507308
5531995010503
5521977054823
5521967746849
5519992187131
5521979125685
5512996324679
5522981768551
5514981069108
5521979063466
5513996255742
5521982952736
5521974110619
5521971437995
5511986375738
5516993107526
5511942020642
5513991967585
5521988473492
5516999143015
5513974134296
5522992215755
5512997368061
5531988857511
5521966792605
5531986946939
5514996638734
5511953329450
5513996244585
5519989492352
5516993035698
5519999989274
5517982256367
5511951928329
5511995237019
5511953351355
5515997535083
5518996705157
5521964376003
5516993020509
5531982704201
5517992778252
5531991828356
5521976443618
5515996835731
5522998025727
5521980305732
5531972053897
5522997099647
5511984093038
5514996294900
5511957895274
5518991870994
5512988979664
5511999498461
5512996506631
5517981269514
5511993728909
5511914861141
5522988727091
5519974189187
5516999876422
5531987077708
5511954316138
5514991302948
5514997612315
5519987453678
5516981417677
5519999319034
5519988575385
5519991972890
5521988559727
5521966063661
5511984291392
5515996297205
5511998693267
5516997979517
5514988333980
5513997595367
5517991043823
5517997935300
5518988223297
5511983665857
5517996655317
5531992015041
5518981406265
5514997669149
5511987379209
5532988379195
5522992337995
5511958881945
5521976478499
5518998083892
5518996311145
5531992549593
5531999876547
5514998186381
5512981468426
5516992187787
5521969273472
5519971365720
5517996232782
5519991713828
5514997900264
5522997819299
5518996179945
5519989010804
5521992007176
5519983423705
5516991166606
5513981178033
5531987981486
5522998765454
5522999106277
5511997555952
5518997381326
5524998915614
5511970299611
5511977794787
5516988637681
5514988334083
5511980902111
5519991087363
5511954631854
5531985108116
5516991831149
5531986605956
5519989959647
5514997951894
5511978318109
5521982575490
5521976408604
5514996036833
5517996313500
5512991931813
5521991774182
5521989244943
5511986925695
5521971207925
5518997955034
5531995817540
5522997191788
5531992119725
5519989425658
5511955994823
5511987293938
5531986181583
5533998753164
5511996064797
5511956863998
5513991321371
5513988081129
5522999761232
5512981296392
5511942923226
5514991324466
5532991941005
5511958624640
5522999306454
5515997626486
5517997357417
5521975869974
5518996974469
5511981276077
5511991254762
5516996140282
5511910509344
5518981314520
5514991912898
5531987192758
5531973172335
5514991207729
5511968386274
5516996184545
5513988461955
5511976536733
5531971458263
5514996131484
5516993453058
5516996370158
5518997172201
5522997417002
5532999412990
5519992954534
5531999352935
5521968163027
5514998866016
5511967730779
5513991699771
5522998584047
5517996643018
5513997414970
5521993260421
5511982002317
5511986571045
5511939019651
5511960750413
5515996389954
5513996220111
5531971086390
5514996491385
5511985259084
5511955886131
5518991197845
5521968406060
5518997143779
5521991198372
5515991493096
5519982362474
5511942275354
5511956840376
5531991319429
5524999725701
5521965238189
5519991225347
5511963517327
5518996191745
5519981783062
5531991648079
5519982556864
5521981703262
5517988415936
5516997797220
5511985270702
5513988359438
5512991541655
5516988222998
5521964049172
5531995186639
5531975467715
5511982959874
5521995369503
5514982116758
5518996870099
5514998516229
5511982340872
5512988819040
5521983239912
5531971692099
5515996427351
5517996424231
5519997618519
5511912009606
5519984569997
5514998662707
5514998192128
5511964658878
5516988395430
5521972257658
5521982723269
5521969480451
5511995665743
5511986066654
5521999950282
5514998075116
5513988622039
5519999965729
5511981056716
5513974124021
5516997038237
5531992746562
5514991530010
5514997335901
5511962433463
5511932883211
5511976162365
5515998008149
5519981753639
5521994802590
5518996655051
5518996298748
5531992776943
5521966790443
5511952345103
5518998129405
5521982059182
5531996295004
5533998777666
5533998788528
5519997838937
5511981357766
5512982263437
5524998361447
5514996986570
5514997311080
5514996159467
5514996587571
5521989767663
5511952745676
5533998522794
5522998054572
5518998146622
5511974780304
5532998294057
5516993424058
5519981430856
5518997747252
5513997584016
5524981525232
5522998042460
5522981159807
5511916640612
5531986684334
5516997757971
5521975666181
5521981349661
5517996373770
5521980624169
5518997054142
5524998804845
5521966169972
5515998540535
5521992557268
5514997384318
5521972713508
5511954385633
5516992325555
5511954119940
5519988360802
5511996007136
5511977666478
5531991569810
5513997956150
5532998481748
5514996697652
5511949374168
5512997991674
5511941579730
5521987904876
5533984279065
5531990753766
5518998228350
5512996607018
5524999487285
5518981983065
5521966635047
5532999219801
5531997827577
5511984812283
5521970889135
5511948173034
5531988212922
5514991247958
5514998369546
5531980210526
5511945239949
5511959926453
5511939297966
5531998731141
5521997881868
5521987580843
5511981234456
5521968356813
5511954609809
5517992391735
5521981627510
5518988209630
5519997860212
5511948725596
5515997546561
5521976680882
5511967674956
5511979602986
5521979429946
5511960879703
5521998272787
5511965783729
5522988738834
5521983722847
5512988286415
5511960900648
5521973147276
5531995315581
5519988671317
5511995136475
5522998419414
5511982939645
5511912012291
5522999722315
5521977133622
5518988173661
5519997146002
5522999446181
5521973628340
5519996177737
5511948256938
5511949353034
5516996156218
5522992142325
5512992234246
5515991772787
5511987635937
5521965154082
5511943402706
5531972621601
5533991309974
5518998196996
5522999041061
5511986113726
5521973372008
5512988331857
5517981620142
5511916044441
5531985676766
5511934951842
5518996141700
5511945506034
5511980626787
5522988527364
5511965825393
5521997578751
5519999660771
5511998659908
5517992592101
5521989354580
5521990305330
5533999053013
5511984622728
5511976728257
5519994861255
5519971088599
5514996984208
5514998889494
5516994179437
5512978980473
5514991884891
5511949734968
5519992488752
5511999290919
5519994351504
5516988289994
5513996042736
5522998925782
5511972057265
5522997076528
5517988077718
5511996720416
5512981961955
5521994225721
5511910089007
5531996057883
5519987244980
5511984225305
5511982975769
5521998049735
5531995886596
5516988157643
5531999184331
5511954918336
5521983058478
5521967006590
5511913111741
5514991039028
5521974233465
5532998221817
5513981074721
5511913457953
5516997989402
5518996967080
5519971593314
5511941814016
5516988043361
5531971587389
5511953303152
5511963126949
5522998786677
5521979138270
5518997188203
5513997417319
5511941195403
5531971628697
5517981472518
5519999563729
5533984440739
5511953359342
5516993038746
5511953333827
5511971562017
5531971203018
5531992441900
5531980257825
5521970926878
5519988219064
5511952151215
5516993206525
5521994061696
5521974618229
5514988316077
5531981120100
5519995929736
5521969362141
5517992326296
5521970981543
5516982499100
5511987054920
5521978928497
5513981953907
5514988024336
5512996167153
5524998295907
5521979077922
5515996260941
5516988572694
5516993106708
5511977039551
5521971178650
5511943297158
5521983919365
5512988496005
5533999415841
5511943824195
5511968964826
5521981925962
5524981213413
5531996376948
5516982384559
5516996026879
5521989883417
5521976640268
5521980577280
5515997746549
5531975777125
5524999110554
5512992128827
5521970231286
5519982723214
5515991933231
5517988300502
5521983969483
5521986504297
5519983542503
5511977654321
5518996937093
5511992118118
5517997567401
5516996454158
5521968096652
5511985797116
5511988523194
5516981580741
5521973079725
5521966589707
5511994108235
5511972957128
5513997684608
5512991396088
5511958623234
5521995207967
5531993530472
5517991014043
5513996714705
5511958593951
5521992808721
5533988957660
5516997083029
5511993955773
5511911571727
5524992994333
5517981444361
5511986848670
5514997657813
5511957922055
5515997597382
5511985941981
5516994003824
5512982063029
5522997464914
5521973094703
5521978764088
5512991198624
5511987558380
5511985628449
5519993204219
5513991247805
5511970628431
5521964390422
5519991066062
5518981145814
5516994069633
5521975324984
5512981482735
5519997528323
5513996836148
5521965096911
5515998267441
5517992618644
5519996987492
5533987490622
5511991142023
5521983808090
5511971196727
5516994521587
5521970550834
5513997485810
5521982585044
5521990520412
5521973066894
5511983122244
5521990454462
5516996455404
5533988892055
5511983864167
5515998352396
5518998216196
5511987603136
5521981566534
5511985276471
5531998240920
5512981395042
5519992525295
5511993682866
5531995350848
5521964614438
5533999747990
5521984445997
5516993275473
5511995133209
5516988662967
5531995267560
5517991508731
5521968717187
5531987946258
5521964451588
5513997594123
5521966652377
5511949904634
5521982475122
5518997374195
5518996279018
5524998381492
5531985680837
5521960146886
5511987930526
5513997635813
5511968563005
5533988937492
5521991801232
5518981965225
5511973325491
5511986054380
5517981460442
5521966876359
5521993452603
5521981209722
5511972866093
5531997317163
5511995366375
5522999508997
5521977190085
5521982156490
5518996382771
5519995867206
5511970339332
5517997560935
5511982524530
5511981429721
5521990198203
5522997014299
5522997354345
5521992968576
5517996341181
5516996163823
5521997305433
5521982760416
5511947828263
5514997935459
5513996680015
5533999433761
5511934688576
5524999763953
5531995373582
5511984879538
5511993976981
5531995364077
5511977286041
5522998233975
5511945967202
5516994345583
5511944717309
5511952181638
5524981141315
5521970849108
5531991038577
5533999726057
5521989274526
5513978117142
5511965796052
5516996108960
5522998802208
5511992186546
5511966096714
5514997284030
5512991507668
5514996785680
5531995511308
5511996156649
5521983021784
5514991354990
5521972173899
5511968272028
5521992334922
5515998559918
5518996732516
5531992793373
5521989133219
5521998181360
5519991664777
5512991268155
5511948069176
5519999884986
5524999711297
5521996870229
5518991460568
5521988105002
5519995885403
5514997041582
5521975925238
5522997527045
5517996646410
5516993821222
5511911489745
5519988182892
5521965354532
5519992156124
5511934607776
5511958365889
5515996521572
5533997337877
5512988037736
5511934837860
5511967196123
5519991708986
5516997446629
5533999769842
5524998691760
5511987899537
5521970370088
5511978949239
5511943951396
5511946770064
5511964152128
5512981930765
5521981353026
5513992041249
5521999044079
5521993871224
5531985014303
5516993324940
5518974007990
5524998765726
5531992536801
5524999922341
5511961959713
5531982608426
5511941662349
5531984060473
5517991758328
5511998124482
5521985759159
5516994466026
5511952290132
5519984257484
5517992545847
5519982576426
5531991435885
5511934270794
5518998190587
5521979653144
5511983998273
5511989688527
5521991931295
5521994892083
5519989035155
5511960653569
5516993952044
5521982722947
5511949440493
5511952513728
5521981401687
5511972247642
5519994132243
5521971649209
5521972402643
5516992824643
5513988538453
5511910530837
5531996699820
5521967605145
5521986846601
5519988299315
5521981902277
5515997017013
5521983318576
5511953306108
5521980405149
5524999348451
5521995539209
5531989525179
5531982143015
5521996483868
5533988554324
5522997054044
5513996897806
5511932277098
5521992621899
5511989551648
5511985682110
5519992728552
5511958641916
5511981911954
5521973081634
5513997508803
5521977259727
5515998133294
5516992977936
5512981499088
5511910261493
5521974224385
5531993767191
5512991960291
5521966056306
5532998284077
5511930087138
5532984716720
5516993660785
5512997860073
5531971491488
5513996841578
5511932005007
5511986904998
5521977029495
5511991251561
5511986330098
5513978015776
5511980280899
5533999664212
5521985842661
5521973892437
5512996725175
5517996313829
5521990583047
5516988534936
5518988276822
5519981112935
5521966463825
5511963643808
5516996182042
5511962889925
5511962961943
5515988136665
5517997386523
5511940454509
5521964824617
5521979609049
5512992095462
5511944814363
5511971582978
5512991672154
5511951933878
5512978121260
5518998210731
5531995520566
5518981392522
5532998019067
5511977239915