902712535
948386924
919412937
944673513
788853313
936856867
909206292
987832559
828317955
326973987
348160620
389981884
962832101
981564657
977109485
925908656
339016726
968892657
919460693
936576757
904332133
932288956
796345152
914087680
389879012
915175423
903409059
398751137
984401044
377590049
963845148
896640078
933897986
983956614
352989812
973415875
356059172
911648433
969824814
912271875
972708326
772083027
976124564
966896393
984425891
945821680
945377144
975313249
798355373
976465547
987488332
972517067
936436768
933633678
363583240
978058123
987358490
982156814
906721039
942958809
911423009
907531989
347049386
388802471
794284979
909224128
914981447
966435870
986895245
868004555
357639996
931952599
941090648
908402749
336846714
908292192
909206146
357257380
974029462
978899372
859967486
911066886
765778339
939229236
375636939
359442139
869635203
909206423
898239065
979557497
975206552
366398438
962381589
793121510
971368166
965495589
942571369
765294922
365220856
906868899
933916297
364274748
962879029
924634156
799612895
925223886
971969857
792391869
964811983
938872994
975475088
866816750
854811065
908383752
962030658
354344668
945292659
335771959
829345545
933187097
932811866
986799686
979717148
347150864
925645925
774004572
965531945
987417798
943379900
827517899
389522357
375897038
971404191
774653496
988816062
823133411
931636996
363450364
962096235
847269949
933863574
775577538
944775548
962159811
377749949
395220762
919040317
767663915
349521927
707070889
903744018
842818828
982274767
368105650
346722865
975948955
972176168
354858798
929276543
907417205
965159151
813130097
989915852
986606597
901044180
949769604
931601989
967244039
985779386
988458119
979589237
981826195
907322292
399020499
974538228
932786950
987280588
395269312
764757839
822944706
393420545
964659471
397638898
397785196
858588897
979745394
397772585
909968665
988079696
936024234
935699909
865978798
984152690
909777126
986043515
903761726
845846842
397192978
705850333
932446736
974378999
983865890
973068998
969355883
976476187
917763031
985626486
966611799
784136864
907183347
845677897
938667881
977530814
962808728
326159006
934198401
989377962
796833873
946261996
389713184
962135577
328781218
854976458
397705076
962151683
349552683
961114341
901139829
969405986
384636093
866861460
962381152
909757813
396452617
967091869
396933634
328806097
906768915
981971259
917404464
389386820
964416434
977196115
971552892
974083063
937547973
986789452
977823748
909876780
798223111
396636378
901748075
987688166
976213161
919768360
975558668
937192685
973014106
865098419
376104858
985606518
705270252
962134708
387767764
339071767
968833003
795496477
983550875
375610877
794301095
968838020
943116606
904904203
943653874
372378974
921086482
917727191
866066700
907977970
775307099
939229555
966938377
988741990
398100939
974334717
904437866
383876691
933761551
908675726
797725389
972879177
365471436
896574321
934532161
335960333
985456880
933336223
979674089
862782622
947414147
385358160
347819200
933922019
979460829
902138196
989344874
935028422
902112922
945935528
988302077
984364384
941973312
868680365
966367943
984047628
358879312
337124686
828398910
704771196
776707243
382309209
979154108
908520767
349572852
968792504
399900474
942202048
383976736
945292030
978013932
914272727
905067282
987405780
981067652
941226568
348961280
933723777
973591766
356304475
902702720
931391406
792963369
384426184
907137898
986094960
837326686
989037121
384722538
905886553
387086602
366837688
356484734
866164812
838539570
983848910
974639912
353238589
379849999
865673577
966685585
386402936
986471445
353749039
971405848
886528942
962966990
924087186
938080698
935443893
908535451
904274786
349902030
789035362
981682681
907810446
907855104
932282623
984083533
904522993
919391060
907633719
905781871
878486200
368918911
943636769
912412376
966665049
919991080
364124134
984204052
937335644
944438601
868432148
943095655
904239028
983345934
919665152
934209111
964409332
941464746
769882538
949307847
888393286
908114171
879393747
325449395
352644645
976572565
378890918
961936810
985969187
965986975
889433014
968308198
349044804
932628388
913842248
379314758
901480197
384289860
986155620
373463983
778546168
985495695
971130068
913043227
702684430
908831713
888158525
967912823
342098533
979423733
362786027
376055941
944345437
362386852
365744888
941718354
942456878
767544985
96261119
369714494
917989992
865537636
965554619
988368807
332813409
939927555
366170321
329850772
862033421
937078527
989427435
964631828
389496590
378678577
971447647
987798143
774809197
933958917
337959295
933424444
972559154
852542575
933347348
978082666
813074919
979670711
347690639
869615503
948703993
377235662
973813573
972561089
976840326
962695740
388140745
368776249
977989842
392925186
906697978
333805185
933214495
917373404
919633556
326927272
865663935
329016631
963422817
833552579
384087222
932131462
902414225
915306597
375125838
962456931
359272007
964439443
943793003
983458397
393883484
352277657
974980767
774326894
395786866
986683123
904512676
983484611
379646433
369769521
707855349
375413524
968384565
908712023
977852502
975003081
383974014
398608214
933314032
848100114
393002627
974667724
962764815
342764982
394338981
707282407
966293018
981401146
985152493
865486764
399841736
392423352
915139773
792090999
865983591
586301486
983917275
327196279
929637640
907165265
796780585
827777793
981534696
904841663
767393662
976510502
969842439
936453318
986687091
966223787
909256085
889996633
938091744
344616646
326688100
941878562
906783726
378849659
919578384
932039910
986729394
348612123
822393336
914357786
984512807
339035342
855713979
794317525
838227661
943602711
975533544
984020794
985646208
976250994
976451441
978138996
908879410
888456752
964510314
397751870
934592925
974896880
901490147
949054435
974155289
946521866
964680426
933099138
868561661
931956703
935971782
913880801
389548098
963759777
933958997
912638194
936438892
947808576
978916404
376877596
978094213
974949555
903702893
354713488
938322859
378595121
973208271
938436365
907880432
974291432
975477597
358579708
962783255
364067839
988718366
981344781
835914309
398909889
931631638
926679092
909271095
917786017
904348989
917166639
384557137
919621629
912151479
364250084
907128901
772012302
906026338
976808333
984437662
965476886
967731730
984867894
903323172
937963958
963476756
705061020
336755644
779088098
965381836
368920029
868618934
394704546
944947078
982756430
988188578
392647441
981667236
988786983
915517993
975045433
357620909
812012794
979357260
962349780
981068220
332372564
362796447
944702527
962922267
337086282
363022528
915868494
387856891
989966330
972101313
912233510
703584359
915557205
784366644
389007975
392720653
978139152
354067811
912682393
977973789
988057392
981457529
903965645
967501556
868755778
984014635
367145924
988727172
962656466
357336234
337785092
384389475
932957957
917868945
337158568
765364374
984099199
985970530
941226127
968345869
901988553
812709968
976327327
392200467
375322999
906912301
946556490
946588564
378435655
976024792
986442106
913933377
343153319
949080849
349704371
977614408
902800757
888574666
939382336
969444230
339130129
944173978
369001758
969070247
363843471
392034922
914762323
941272749
365918656
971717991
983013622
906304578
394670928
383773496
914530610
399866018
963835200
382042621
325448522
979593313
973945321
787711005
936391823
979908198
987625178
921806701
796646802
913307540
934928959
908851266
366104055
348851805
984196010
939813655
336485755
961679571
938003979
975956276
794521263
933182478
971975718
949773773
367982036
942074726
983933368
916316666
963290322
386576791
369227545
919922938
356782092
937652507
987469393
342047428
972779965
974149418
389300179
379921294
967438302
904125588
793193689
912116344
972163230
907248046
967802872
906656851
933710089
916766687
975304074
375929036
382673093
987044884
827172576
377110509
971687169
829306363
978586707
372224106
327927838
913886622
835616678
869649690
937019012
964662218
336733835
368741992
783218167
704628119
915202452
961577436
786667689
385517748
392512359
355759044
704544555
983857522
972302377
377550181
373210803
382822374
901394898
963028686
985771372
345660210
965883283
936516738
912309663
909360139
961206606
963002910
767004819
908705754
968979138
934483769
334916917
338456965
766771819
378868843
979023268
377874467
962079089
768835633
399992200
865056294
984112862
368654816
332625336
937791608
703394993
973939945
941980755
925999880
931473335
909344827
364258682
961202207
357842816
976735862
982215763
976761871
923096109
888534561
775854148
792291930
396879242
911691802
968577697
705265590
865926195
964862814
963355931
941263008
799773337
909488739
932526262
939544442
963643182
975473575
338728740
935852217
347888250
905963708
877095446
332340938
877787345
919388693
937445645
982973864
989585680
332909339
906150142
988182125
962577132
933449773
931233853
793060279
982143982
339111235
982024585
986041579
964588652
935260609
395163092
363181958
899333737
766343736
989659104
966165082
942942992
989627727
799753109
392021810
985693532
912229468
975201121
931553516
362466654
833371168
852079679
971158580
344159191
396252392
966402229
355589496
337827063
904203693
941942497
913870011
793873499
814645309
766882821
933928939
938252843
773341596
939900546
396276136
869766794
362926294
949304838
977616225
962613862
788839984
938811728
329190447
933577966
936009876
869338452
978607225
964434448
326066023
369295456
335021425
975881180
965978712
944213666
704888988
326651643
702012468
833410639
968144174
941617349
845117770
966567691
348080425
345612586
976665442
843484548
933382879
986453519
824433823
908850677
379831819
352205144
374763833
974013395
915663188
949844833
905199081
933313312
976523169
787497852
965726229
909493979
335522114
902200665
901940815
334824330
906414408
799579936
961410706
345529296
975875983
364888284
906883402
384222217
966857956
968967093
907955974
964232230
356646052
988642264
862093467
984719411
368173694
397897151
356004715
985946150
932477897
971797955
868324268
983887057
942929129
946471989
968809090
354286228
981707868
988696212
971128640
835963545
942294946
949582095
939372723
987740846
846678136
792775058
988273618
358923027
358448448
968587172
946471677
948798457